time,kart1_X,kart1_Y,kart1_direction,kart1_speed,DrivingMode,GameMode,getFrame,current_checkpoint,surface,lap,reward,total_reward,phi,phidot,acceleration
0,3712,2288,0,0,4,2,282,29,64,127,0.0,0.0,0.0,0.0,0.0
1,3712,2288,0,0,4,2,283,29,64,127,0.0,0.0,0.0,0.0,0.0
2,3712,2288,0,0,4,2,284,29,64,127,0.0,0.0,0.0,0.0,0.0
3,3712,2288,0,0,4,2,285,29,64,127,0.0,0.0,0.0,0.0,0.0
4,3712,2288,0,0,4,2,286,29,64,127,0.0,0.0,0.0,0.0,0.0
5,3712,2288,0,0,4,2,287,29,64,127,0.0,0.0,0.0,0.0,0.0
6,3712,2288,0,0,4,2,288,29,64,127,0.0,0.0,0.0,0.0,0.0
7,3712,2288,0,0,4,2,289,29,64,127,0.0,0.0,0.0,0.0,0.0
8,3712,2288,0,0,4,2,290,29,64,127,0.0,0.0,0.0,0.0,0.0
9,3712,2288,0,0,4,2,291,29,64,127,0.0,0.0,0.0,0.0,0.0
10,3712,2288,0,0,4,2,292,29,64,127,0.0,0.0,0.0,0.0,0.0
11,3712,2288,0,0,4,2,293,29,64,127,0.0,0.0,0.0,0.0,0.0
12,3712,2288,0,0,4,2,294,29,64,127,0.0,0.0,0.0,0.0,0.0
13,3712,2288,0,0,4,2,295,29,64,127,0.0,0.0,0.0,0.0,0.0
14,3712,2288,0,0,4,2,296,29,64,127,0.0,0.0,0.0,0.0,0.0
15,3712,2288,0,0,4,2,297,29,64,127,0.0,0.0,0.0,0.0,0.0
16,3712,2288,0,0,4,2,298,29,64,127,0.0,0.0,0.0,0.0,0.0
17,3712,2288,0,0,4,2,299,29,64,127,0.0,0.0,0.0,0.0,0.0
18,3712,2288,0,0,4,2,300,29,64,127,0.0,0.0,0.0,0.0,0.0
19,3712,2288,0,0,4,2,301,29,64,127,0.0,0.0,0.0,0.0,0.0
20,3712,2288,0,0,4,2,302,29,64,127,0.0,0.0,0.0,0.0,0.0
21,3712,2288,0,0,4,2,303,29,64,127,0.0,0.0,0.0,0.0,0.0
22,3712,2288,0,0,4,2,304,29,64,127,0.0,0.0,0.0,0.0,0.0
23,3712,2288,0,0,4,2,305,29,64,127,0.0,0.0,0.0,0.0,0.0
24,3712,2288,0,0,4,2,306,29,64,127,0.0,0.0,0.0,0.0,0.0
25,3712,2288,0,0,4,2,307,29,64,127,0.0,0.0,0.0,0.0,0.0
26,3712,2288,0,0,4,2,308,29,64,127,0.0,0.0,0.0,0.0,0.0
27,3712,2288,0,0,4,2,309,29,64,127,0.0,0.0,0.0,0.0,0.0
28,3712,2288,0,0,4,2,310,29,64,127,0.0,0.0,0.0,0.0,0.0
29,3712,2288,0,0,4,2,311,29,64,127,0.0,0.0,0.0,0.0,0.0
30,3712,2288,0,0,4,2,312,29,64,127,0.0,0.0,0.0,0.0,0.0
31,3712,2288,0,0,4,2,313,29,64,127,0.0,0.0,0.0,0.0,0.0
32,3712,2288,0,0,4,2,314,29,64,127,0.0,0.0,0.0,0.0,0.0
33,3712,2288,0,0,4,2,315,29,64,127,0.0,0.0,0.0,0.0,0.0
34,3712,2288,0,0,4,2,316,29,64,127,0.0,0.0,0.0,0.0,0.0
35,3712,2288,0,0,4,2,317,29,64,127,0.0,0.0,0.0,0.0,0.0
36,3712,2288,0,0,4,2,318,29,64,127,0.0,0.0,0.0,0.0,0.0
37,3712,2288,0,0,4,2,319,29,64,127,0.0,0.0,0.0,0.0,0.0
38,3712,2288,0,0,4,2,320,29,64,127,0.0,0.0,0.0,0.0,0.0
39,3712,2288,0,0,4,2,321,29,64,127,0.0,0.0,0.0,0.0,0.0
40,3712,2288,0,0,4,2,322,29,64,127,0.0,0.0,0.0,0.0,0.0
41,3712,2288,0,0,4,2,323,29,64,127,0.0,0.0,0.0,0.0,0.0
42,3712,2288,0,0,4,2,324,29,64,127,0.0,0.0,0.0,0.0,0.0
43,3712,2288,0,0,4,2,325,29,64,127,0.0,0.0,0.0,0.0,0.0
44,3712,2288,0,0,4,2,326,29,64,127,0.0,0.0,0.0,0.0,0.0
45,3712,2288,0,0,4,2,327,29,64,127,0.0,0.0,0.0,0.0,0.0
46,3712,2288,0,0,4,2,328,29,64,127,0.0,0.0,0.0,0.0,0.0
47,3712,2288,0,0,4,2,329,29,64,127,0.0,0.0,0.0,0.0,0.0
48,3712,2288,0,0,4,2,330,29,64,127,0.0,0.0,0.0,0.0,0.0
49,3712,2288,0,0,4,2,331,29,64,127,0.0,0.0,0.0,0.0,0.0
50,3712,2288,0,0,4,2,332,29,64,127,0.0,0.0,0.0,0.0,0.0
51,3712,2288,0,0,4,2,333,29,64,127,0.0,0.0,0.0,0.0,0.0
52,3712,2288,0,0,4,2,334,29,64,127,0.0,0.0,0.0,0.0,0.0
53,3712,2288,0,0,4,2,335,29,64,127,0.0,0.0,0.0,0.0,0.0
54,3712,2288,0,0,6,2,336,29,64,127,0.0,0.0,0.0,0.0,0.0
55,3712,2288,0,0,6,2,337,29,64,127,0.0,0.0,0.0,0.0,0.0
56,3712,2288,0,2,6,2,338,29,64,127,0.0,0.0,0.0,0.0,2.0
57,3712,2287,0,4,6,2,339,29,64,127,0.0,0.0,0.0,0.0,2.0
58,3712,2287,0,6,6,2,340,29,64,127,0.0,0.0,0.0,0.0,2.0
59,3712,2287,0,8,6,2,341,29,64,127,0.0,0.0,0.0,0.0,2.0
60,3712,2287,0,10,6,2,342,29,64,127,0.0,0.0,0.0,0.0,2.0
61,3712,2287,0,12,6,2,343,29,64,127,0.0,0.0,0.0,0.0,2.0
62,3712,2287,0,14,6,2,344,29,64,127,0.0,0.0,0.0,0.0,2.0
63,3712,2287,0,16,6,2,345,29,64,127,0.0,0.0,0.0,0.0,2.0
64,3712,2287,0,18,6,2,346,29,64,127,0.0,0.0,0.0,0.0,2.0
65,3712,2286,0,20,6,2,347,29,64,127,0.0,0.0,0.0,0.0,2.0
66,3712,2286,0,22,6,2,348,29,64,127,0.0,0.0,0.0,0.0,2.0
67,3712,2286,0,24,6,2,349,29,64,127,0.0,0.0,0.0,0.0,2.0
68,3712,2285,0,26,6,2,350,29,64,127,0.0,0.0,0.0,0.0,2.0
69,3712,2285,1,28,6,2,351,29,64,127,-1.0,-1.0,0.0,0.0,2.0
70,3712,2284,1,30,6,2,352,29,64,127,-1.0,-2.0,0.0,0.0,2.0
71,3712,2284,1,32,6,2,353,29,64,127,-1.0,-3.0,0.0,0.0,2.0
72,3712,2284,1,34,6,2,354,29,64,127,-1.0,-4.0,0.0,0.0,2.0
73,3712,2283,1,36,6,2,355,29,64,127,-1.0,-5.0,0.0,0.0,2.0
74,3712,2282,1,38,6,2,356,29,64,127,-1.0,-6.0,0.0,0.0,2.0
75,3712,2282,1,40,6,2,357,29,64,127,-1.0,-7.0,0.0,0.0,2.0
76,3712,2281,1,42,6,2,358,29,64,127,-1.0,-8.0,0.0,0.0,2.0
77,3712,2281,1,44,6,2,359,29,64,127,-1.0,-9.0,0.0,0.0,2.0
78,3712,2280,1,46,6,2,360,29,64,127,-1.0,-10.0,0.0,0.0,2.0
79,3712,2279,1,48,6,2,361,29,64,127,-1.0,-11.0,0.0,0.0,2.0
80,3712,2279,1,50,6,2,362,29,64,127,-1.0,-12.0,0.0,0.0,2.0
81,3712,2278,1,52,6,2,363,29,64,127,-1.0,-13.0,0.0,0.0,2.0
82,3712,2277,1,54,6,2,364,29,64,127,-1.0,-14.0,0.0,0.0,2.0
83,3712,2276,1,56,6,2,365,29,64,127,-1.0,-15.0,0.0,0.0,2.0
84,3712,2275,2,58,6,2,366,29,64,127,-1.0,-16.0,0.0,0.0,2.0
85,3712,2274,2,60,6,2,367,29,64,127,-1.0,-17.0,0.0,0.0,2.0
86,3712,2273,2,62,6,2,368,29,64,127,-1.0,-18.0,0.0,0.0,2.0
87,3712,2272,2,64,6,2,369,29,64,127,-1.0,-19.0,0.0,0.0,2.0
88,3712,2272,2,70,6,2,370,29,64,127,-1.0,-20.0,0.0,0.0,6.0
89,3712,2270,2,76,6,2,371,29,64,127,-1.0,-21.0,0.0,0.0,6.0
90,3712,2269,2,82,6,2,372,29,64,127,-1.0,-22.0,0.0,0.0,6.0
91,3712,2268,2,88,6,2,373,29,64,127,-1.0,-23.0,0.0,0.0,6.0
92,3712,2267,2,94,6,2,374,29,64,127,-1.0,-24.0,0.0,0.0,6.0
93,3712,2265,2,100,6,2,375,29,64,127,-1.0,-25.0,0.0,0.0,6.0
94,3712,2264,2,106,6,2,376,29,64,127,-1.0,-26.0,0.0,0.0,6.0
95,3712,2262,2,112,6,2,377,29,64,127,-1.0,-27.0,0.0,0.0,6.0
96,3712,2260,2,118,6,2,378,29,64,127,-1.0,-28.0,0.0,0.0,6.0
97,3712,2258,2,124,6,2,379,29,64,127,-1.0,-29.0,0.0,0.0,6.0
98,3712,2257,2,130,6,2,380,29,64,127,-1.0,-30.0,0.0,0.0,6.0
99,3712,2254,2,134,6,2,381,29,64,127,-1.0,-31.0,0.0,0.0,4.0
100,3712,2252,2,138,6,2,382,29,64,127,-1.0,-32.0,0.0,0.0,4.0
101,3713,2250,2,142,6,2,383,29,64,127,-1.0,-33.0,0.0,0.0,4.0
102,3713,2248,2,146,6,2,384,29,64,127,-1.0,-34.0,0.0,0.0,4.0
103,3713,2246,2,150,6,2,385,29,64,127,-1.0,-35.0,0.0,0.0,4.0
104,3713,2243,2,154,6,2,386,29,64,127,-1.0,-36.0,0.0,0.0,4.0
105,3713,2241,2,158,6,2,387,29,64,127,-1.0,-37.0,0.0,0.0203968414339,4.0
106,3713,2239,2,162,6,2,388,0,64,128,1.0,-36.0,0.0407936828678,0.0199893435616,4.0
107,3713,2236,2,166,6,2,389,0,64,128,-1.0,-37.0,0.0399786871233,-0.000799040470359,4.0
108,3713,2234,2,170,6,2,390,0,64,128,-1.0,-38.0,0.0391956019271,-0.000768048551006,4.0
109,3713,2231,2,174,6,2,391,0,64,128,-1.0,-39.0,0.0384425900212,-0.00073882473014,4.0
110,3713,2228,2,178,6,2,392,0,64,128,-1.0,-40.0,0.0377179524668,-0.00104748450113,4.0
111,3714,2225,2,182,6,2,393,0,64,128,-1.0,-41.0,0.036347621019,-0.00132231096682,4.0
112,3714,2223,2,186,6,2,394,0,64,128,-1.0,-42.0,0.0350733305332,-0.00123114555741,4.0
113,3714,2220,1,190,6,2,395,0,64,128,-1.0,-43.0,0.0338853299042,-0.00114909306454,4.0
114,3714,2217,1,194,6,2,396,0,64,128,-1.0,-44.0,0.0327751444041,-0.000819223734469,4.0
115,3714,2214,1,202,6,2,397,0,64,128,-1.0,-45.0,0.0322468824352,-0.00845173070617,8.0
116,3714,2211,1,210,6,2,398,0,64,128,-1.0,-46.0,0.0158716829918,-0.0161234412176,8.0
117,3714,2207,1,218,6,2,399,0,64,128,-1.0,-47.0,0.0,-0.00793584149589,8.0
118,3714,2204,1,226,6,2,400,0,64,128,-1.0,-48.0,0.0,0.0,8.0
119,3714,2200,1,234,6,2,401,0,64,128,-1.0,-49.0,0.0,0.0,8.0
120,3714,2197,0,242,6,2,402,0,64,128,-1.0,-50.0,0.0,0.0,8.0
121,3714,2193,0,250,6,2,403,0,64,128,-1.0,-51.0,0.0,-0.00632877591702,8.0
122,3714,2189,0,258,6,2,404,0,64,128,-1.0,-52.0,-0.012657551834,-0.0121927045863,8.0
123,3714,2185,255,270,6,2,405,0,64,128,-1.0,-53.0,-0.0243854091727,-0.0054337595756,12.0
124,3714,2181,255,282,6,2,406,0,64,128,-1.0,-54.0,-0.0235250709852,-0.00484615120717,12.0
125,3714,2177,255,294,6,2,407,0,64,128,-1.0,-55.0,-0.034077711587,-0.00996291220312,12.0
126,3714,2172,254,306,6,2,408,0,64,128,-1.0,-56.0,-0.0434508953915,-0.00925267501196,12.0
127,3713,2167,254,318,6,2,409,0,64,128,-1.0,-57.0,-0.0525830616109,-0.00884863362892,12.0
128,3713,2162,254,330,6,2,410,0,64,128,-1.0,-58.0,-0.0611481626493,0.0262915308055,12.0
129,3713,2157,253,342,6,2,411,0,64,128,-1.0,-59.0,0.0,0.0305740813247,12.0
130,3712,2152,253,354,6,2,412,0,64,128,-1.0,-60.0,0.0,0.0,12.0
131,3712,2146,253,366,6,2,413,0,64,128,-1.0,-61.0,0.0,0.0,12.0
132,3711,2141,252,378,6,2,414,0,64,128,-1.0,-62.0,0.0,-0.0468707707721,12.0
133,3711,2135,252,390,6,2,415,0,64,128,-1.0,-63.0,-0.0937415415442,-0.0498343262456,12.0
134,3710,2129,252,402,6,2,416,0,64,128,-1.0,-64.0,-0.0996686524912,-0.000982583271292,12.0
135,3710,2122,252,414,6,2,417,0,64,128,-1.0,-65.0,-0.0957067080868,-0.000383729778822,12.0
136,3709,2116,252,426,6,2,418,0,64,128,-1.0,-66.0,-0.100436112049,-0.00497943700652,12.0
137,3708,2109,252,438,6,2,419,0,64,128,-1.0,-67.0,-0.1056655821,-0.00470700339915,12.0
138,3707,2103,252,450,6,2,420,0,64,128,-1.0,-68.0,-0.109850118847,-0.00446897425066,12.0
139,3707,2096,252,458,6,2,421,0,64,128,-1.0,-69.0,-0.114603530601,-0.00506904561462,8.0
140,3706,2088,252,466,6,2,422,0,64,128,-1.0,-70.0,-0.119988210076,-0.00487573197278,8.0
141,3705,2081,251,474,6,2,423,0,64,128,-1.0,-71.0,-0.124354994547,-0.000927113471761,8.0
142,3704,2074,251,482,6,2,424,0,64,128,-1.0,-72.0,-0.12184243702,-0.000820343808638,8.0
143,3703,2066,251,490,6,2,425,0,64,128,-1.0,-73.0,-0.125995682164,-0.00728008369052,8.0
144,3702,2059,251,498,6,2,426,0,64,128,-1.0,-74.0,-0.136402604401,-0.0111295716349,8.0
145,3701,2051,250,506,6,2,427,0,64,128,-1.0,-75.0,-0.148254825434,-0.00860809281961,8.0
146,3700,2043,250,514,6,2,428,0,64,128,-1.0,-76.0,-0.15361879004,-0.00433602170595,8.0
147,3699,2035,250,522,6,2,429,0,64,128,-1.0,-77.0,-0.156926868846,-0.00677811352646,8.0
148,3697,2027,249,530,6,2,430,0,64,128,-1.0,-78.0,-0.167175017093,-0.0101046231655,8.0
149,3696,2019,249,538,6,2,431,0,64,128,-1.0,-79.0,-0.177136115177,-0.00926941558327,8.0
150,3694,2011,249,546,6,2,432,0,64,128,-1.0,-80.0,-0.18571384826,-0.00897765064268,8.0
151,3693,2003,248,554,6,2,433,0,64,128,-1.0,-81.0,-0.195091416462,-0.00924989387886,8.0
152,3691,1994,248,562,6,2,434,0,64,128,-1.0,-82.0,-0.204213636017,-0.008998961047,8.0
153,3689,1986,247,570,6,2,435,0,64,128,-1.0,-83.0,-0.213089338556,-0.00938016315581,8.0
154,3687,1977,247,578,6,2,436,0,64,128,-1.0,-84.0,-0.222973962329,-0.00980581660304,8.0
155,3685,1968,246,582,6,2,437,0,64,128,-1.0,-85.0,-0.232700971762,-0.011674393005,4.0
156,3683,1959,246,586,6,2,438,0,64,128,-1.0,-86.0,-0.246322748339,-0.0141275133799,4.0
157,3681,1950,245,590,6,2,439,0,64,128,-1.0,-87.0,-0.260955998522,-0.0118748607876,4.0
158,3678,1941,245,594,6,2,440,0,64,128,-1.0,-88.0,-0.270072469914,-0.00904275005489,4.0
159,3676,1933,244,598,6,2,441,0,64,128,-1.0,-89.0,-0.279041498632,-0.0122369565426,4.0
160,3673,1924,244,602,6,2,442,0,64,128,-1.0,-90.0,-0.294546382999,-0.0179762009146,4.0
161,3670,1915,243,606,6,2,443,0,64,128,-1.0,-91.0,-0.314993900461,-0.0203130920686,4.0
162,3667,1906,242,610,6,2,444,0,64,128,-1.0,-92.0,-0.335172567137,-0.0175648360905,4.0
163,3664,1897,242,614,6,2,445,0,64,128,-1.0,-93.0,-0.350123572642,-0.0139384028148,4.0
164,3661,1888,241,618,6,2,446,0,64,128,-1.0,-94.0,-0.363049372766,-0.0151914022352,4.0
165,3657,1879,240,622,6,2,447,0,64,128,-1.0,-95.0,-0.380506377112,-0.019233164557,4.0
166,3653,1870,239,626,6,2,448,0,64,128,-1.0,-96.0,-0.40151570188,-0.0209401296675,4.0
167,3649,1861,238,630,6,2,449,0,64,128,-1.0,-97.0,-0.422386636447,-0.0230939640019,4.0
168,3645,1852,237,634,6,2,450,1,64,128,1.0,-96.0,-0.447703629884,-0.0274020812649,4.0
169,3641,1843,236,638,6,2,451,1,64,128,-1.0,-97.0,-0.477190798977,-0.0270210637886,4.0
170,3636,1834,235,642,6,2,452,1,64,128,-1.0,-98.0,-0.501745757462,-0.0234605670827,4.0
171,3631,1826,234,644,6,2,453,1,64,128,-1.0,-99.0,-0.524111933143,-0.0223359785381,2.0
172,3626,1817,233,646,6,2,454,1,64,128,-1.0,-100.0,-0.546417714538,-0.0243597103459,2.0
173,3620,1809,232,648,6,2,455,1,64,128,-1.0,-101.0,-0.572831353834,-0.0297200670747,2.0
174,3614,1800,230,650,6,2,456,1,64,128,-1.0,-102.0,-0.605857848687,-0.0323587221522,2.0
175,3608,1792,229,652,6,2,457,1,64,128,-1.0,-103.0,-0.637548798139,-0.0286725720095,2.0
176,3602,1784,228,654,6,2,458,1,64,128,-1.0,-104.0,-0.663202992706,-0.0273470809823,2.0
177,3596,1776,227,656,6,2,459,1,64,128,-1.0,-105.0,-0.692242960103,-0.0282728510548,2.0
178,3589,1768,226,658,6,2,460,1,64,128,-1.0,-106.0,-0.719748694816,-0.0257563120978,2.0
179,3582,1761,225,660,6,2,461,1,64,128,-1.0,-107.0,-0.743755584299,-0.0276346092915,2.0
180,3575,1754,223,662,6,2,462,1,64,128,-1.0,-108.0,-0.775017913399,-0.029411509557,2.0
181,3567,1746,222,664,6,2,463,1,64,128,-1.0,-109.0,-0.802578603413,-0.0273598853744,2.0
182,3559,1739,221,666,6,2,464,1,64,128,-1.0,-110.0,-0.829737684147,-0.0305786059895,2.0
183,3552,1733,220,668,6,2,465,1,64,128,-1.0,-111.0,-0.863735815392,-0.0305351861367,2.0
184,3544,1726,219,670,6,2,466,1,64,128,-1.0,-112.0,-0.890808056421,-0.02321726534,2.0
185,3535,1720,218,672,6,2,467,1,64,128,-1.0,-113.0,-0.910170346072,-0.0215736933005,2.0
186,3527,1713,217,674,6,2,468,1,64,128,-1.0,-114.0,-0.933955443022,-0.0224079886139,2.0
187,3518,1707,216,676,6,2,469,1,64,128,-1.0,-115.0,-0.9549863233,-0.0184983642384,2.0
188,3509,1702,216,678,6,2,470,1,64,128,-1.0,-116.0,-0.970952171499,-0.0191254422416,2.0
189,3500,1696,215,680,6,2,471,1,64,128,-1.0,-117.0,-0.993237207783,-0.0196249150653,2.0
190,3491,1690,214,682,6,2,472,1,64,128,-1.0,-118.0,-1.01020200163,-0.0169569117394,2.0
191,3482,1685,213,684,6,2,473,1,64,128,-1.0,-119.0,-1.02715103126,-0.020142372156,2.0
192,3473,1679,213,686,6,2,474,1,64,128,-1.0,-120.0,-1.05048674594,-0.0169060334368,2.0
193,3464,1674,212,688,6,2,475,1,64,128,-1.0,-121.0,-1.06096309814,-0.00842536640952,2.0
194,3454,1669,212,690,6,2,476,1,64,128,-1.0,-122.0,-1.06733747876,-0.0115885641889,2.0
195,3445,1664,211,682,6,2,477,1,64,128,-1.0,-123.0,-1.08414022651,-0.0136297984821,-8.0
196,3435,1659,211,684,6,2,478,2,64,128,1.0,-122.0,-1.09459707572,-0.00837276257671,2.0
197,3425,1655,211,686,6,2,479,2,64,128,-1.0,-123.0,-1.10088575167,-0.00939428371738,2.0
198,3416,1650,211,688,6,2,480,2,64,128,-1.0,-124.0,-1.11338564316,-0.00935522799826,2.0
199,3406,1645,210,690,6,2,481,2,64,128,-1.0,-125.0,-1.11959620766,-0.00411243813477,2.0
200,3396,1641,210,692,6,2,482,2,64,128,-1.0,-126.0,-1.12161051943,-0.00200596448296,2.0
201,3387,1636,210,694,6,2,483,2,64,128,-1.0,-127.0,-1.12360813663,-0.000998808600029,2.0
202,3377,1631,210,696,6,2,484,2,64,128,-1.0,-128.0,-1.12360813663,-4.66293670343e-15,2.0
203,3367,1627,210,698,6,2,485,2,64,128,-1.0,-129.0,-1.12360813663,9.21485110439e-15,2.0
204,3357,1622,211,700,6,2,486,2,64,128,-1.0,-130.0,-1.12360813663,0.00206985680276,2.0
205,3347,1617,211,702,6,2,487,2,64,128,-1.0,-131.0,-1.11946842302,0.00312784567041,2.0
206,3337,1612,211,704,6,2,488,2,64,128,-1.0,-132.0,-1.11735244529,6.25938905093e-05,2.0
207,3327,1608,211,705,6,2,489,2,64,128,-1.0,-133.0,-1.11934323524,-0.000995394977148,1.0
208,3318,1603,211,707,6,2,490,2,64,128,-1.0,-134.0,-1.11934323524,-4.66293670343e-15,2.0
209,3308,1598,211,708,6,2,491,2,64,128,-1.0,-135.0,-1.11934323524,-2.22044604925e-16,1.0
210,3298,1593,211,710,6,2,492,2,64,128,-1.0,-136.0,-1.11934323524,4.4408920985e-15,2.0
211,3288,1588,211,711,6,2,493,2,64,128,-1.0,-137.0,-1.11934323524,0.00204055260884,1.0
212,3278,1583,211,713,6,2,494,2,64,128,-1.0,-138.0,-1.11526213002,0.00509122386444,2.0
213,3268,1579,211,714,6,2,495,2,64,128,-1.0,-139.0,-1.10916078751,0.00306069149649,1.0
214,3258,1574,211,716,6,2,496,3,64,128,1.0,-138.0,-1.10914074703,-0.000978081709833,2.0
215,3248,1569,211,717,6,2,497,3,64,128,-1.0,-139.0,-1.11111695093,-0.000988101950723,1.0
216,3238,1564,211,719,6,2,498,3,64,128,-1.0,-140.0,-1.11111695093,-4.55191440096e-15,2.0
217,3228,1559,211,720,6,2,499,3,64,128,-1.0,-141.0,-1.11111695093,0.00198411656952,1.0
218,3218,1553,211,722,6,2,500,3,64,128,-1.0,-142.0,-1.10714871779,0.0039603908629,2.0
219,3207,1548,211,723,6,2,501,3,64,128,-1.0,-143.0,-1.10319616921,0.00197627429338,1.0
220,3197,1543,211,725,6,2,502,3,64,128,-1.0,-144.0,-1.10319616921,0.00097064639675,2.0
221,3187,1538,211,726,6,2,503,3,64,128,-1.0,-145.0,-1.10125487641,0.00192989623667,1.0
222,3177,1533,211,728,6,2,504,3,64,128,-1.0,-146.0,-1.09933637673,-0.000989983520155,2.0
223,3167,1528,212,729,6,2,505,3,64,128,-1.0,-147.0,-1.10323484345,-0.00292191983287,1.0
224,3157,1523,212,731,6,2,506,3,64,128,-1.0,-148.0,-1.1051802164,0.00198775416123,2.0
225,3147,1518,212,732,6,2,507,3,64,128,-1.0,-149.0,-1.09925933513,0.00391755304247,1.0
226,3136,1512,212,734,6,2,508,3,64,128,-1.0,-150.0,-1.09734511031,-3.85208011565e-05,2.0
227,3126,1507,212,735,6,2,509,3,64,128,-1.0,-151.0,-1.09933637673,0.000945882843196,1.0
228,3116,1502,212,737,6,2,510,3,64,128,-1.0,-152.0,-1.09545334463,0.00287635915611,2.0
229,3106,1497,212,738,6,2,511,3,64,128,-1.0,-153.0,-1.09358365842,-5.64397785119e-05,1.0
230,3096,1491,212,740,6,2,512,3,64,128,-1.0,-154.0,-1.09556622419,-0.0029141349191,2.0
231,3085,1486,212,741,6,2,513,3,64,128,-1.0,-155.0,-1.09941192826,-0.00192285203728,1.0
232,3075,1481,212,743,6,2,514,3,64,128,-1.0,-156.0,-1.09941192826,0.00192285203728,2.0
233,3065,1475,212,744,6,2,515,3,64,128,-1.0,-157.0,-1.09556622419,0.00284905133356,1.0
234,3054,1470,212,746,6,2,516,3,64,128,-1.0,-158.0,-1.09371382559,-5.53607674475e-05,2.0
235,3044,1465,212,747,6,2,517,3,64,128,-1.0,-159.0,-1.09567694572,-0.00288610346583,1.0
236,3033,1460,212,749,6,2,518,3,64,128,-1.0,-160.0,-1.09948603252,1.11022302463e-16,2.0
237,3023,1454,212,750,6,2,519,3,64,128,-1.0,-161.0,-1.09567694572,0.00093041816204,1.0
238,3013,1449,212,752,6,2,520,3,64,128,-1.0,-162.0,-1.0976251962,-0.000974125240078,2.0
239,3002,1443,212,753,6,2,521,3,64,128,-1.0,-163.0,-1.0976251962,0.00189183882755,1.0
240,2992,1438,212,755,6,2,522,3,64,128,-1.0,-164.0,-1.09384151855,0.000919812835338,2.0
241,2981,1433,212,756,6,2,523,3,64,128,-1.0,-165.0,-1.09578557053,-0.000972025992221,1.0
242,2971,1427,212,758,6,2,524,3,64,128,-1.0,-166.0,-1.09578557053,-0.00096473242914,2.0
243,2960,1422,212,759,6,2,525,3,64,128,-1.0,-167.0,-1.09771503539,-0.000964732429144,1.0
244,2950,1416,212,761,6,2,526,3,64,128,-1.0,-168.0,-1.09771503539,-8.65973959208e-15,2.0
245,2939,1411,212,762,6,2,527,3,64,128,-1.0,-169.0,-1.09771503539,0.000911438888523,1.0
246,2928,1406,212,764,6,2,528,3,64,128,-1.0,-170.0,-1.09589215761,0.00277323518069,2.0
247,2918,1400,212,765,6,2,529,3,64,128,-1.0,-171.0,-1.09216856503,0.00186179629216,1.0
248,2907,1395,212,767,6,2,530,3,64,128,-1.0,-172.0,-1.09216856503,-0.000960596834081,2.0
249,2897,1389,212,768,6,2,531,3,64,128,-1.0,-173.0,-1.09408975869,-0.00191409937088,1.0
250,2886,1384,212,769,6,2,532,3,64,128,-1.0,-174.0,-1.09599676377,0.00184962424151,1.0
251,2875,1378,212,770,6,2,533,4,64,128,1.0,-173.0,-1.09039051021,0.00280312677831,1.0
252,2865,1372,212,771,6,2,534,4,64,128,-1.0,-174.0,-1.09039051021,-0.000958498385485,1.0
253,2854,1367,212,772,6,2,535,4,64,128,-1.0,-175.0,-1.09230750698,-7.72837337303e-05,1.0
254,2843,1361,212,773,6,2,536,4,64,128,-1.0,-176.0,-1.09054507768,0.000881214651746,1.0
255,2832,1356,212,774,6,2,537,4,64,128,-1.0,-177.0,-1.09054507768,0.000956380976624,1.0
256,2822,1350,212,775,6,2,538,4,64,128,-1.0,-178.0,-1.08863231573,-0.00183268013337,1.0
257,2811,1345,212,776,6,2,539,4,64,128,-1.0,-179.0,-1.09421043795,-0.00373356399433,1.0
258,2800,1339,212,777,6,2,540,4,64,128,-1.0,-180.0,-1.09609944371,0.000883271264919,1.0
259,2789,1333,212,778,6,2,541,4,64,128,-1.0,-181.0,-1.09244389542,0.00182777414925,1.0
260,2779,1328,212,779,6,2,542,4,64,128,-1.0,-182.0,-1.09244389542,-4.21884749358e-15,1.0
261,2768,1322,212,780,6,2,543,4,64,128,-1.0,-183.0,-1.09244389542,0.00182087136763,1.0
262,2757,1317,212,781,6,2,544,4,64,128,-1.0,-184.0,-1.08880215268,0.00182087136764,1.0
263,2746,1311,212,782,6,2,545,4,64,128,-1.0,-185.0,-1.08880215268,-0.00182087136763,1.0
264,2735,1305,212,783,6,2,546,4,64,128,-1.0,-186.0,-1.09244389542,-0.000947333753503,1.0
265,2724,1300,212,784,6,2,547,4,64,128,-1.0,-187.0,-1.09069682019,-6.69523295451e-05,1.0
266,2714,1294,212,785,6,2,548,4,64,128,-1.0,-188.0,-1.09257780008,-0.000940489943675,1.0
267,2703,1288,212,786,6,2,549,4,64,128,-1.0,-189.0,-1.09257780008,0.00180444867711,1.0
268,2692,1283,212,787,6,2,550,4,64,128,-1.0,-190.0,-1.08896890272,0.00180444867711,1.0
269,2681,1277,212,788,6,2,551,4,64,128,-1.0,-191.0,-1.08896890272,-8.32667268469e-15,1.0
270,2670,1271,212,789,6,2,552,4,64,128,-1.0,-192.0,-1.08896890272,-0.000938455877166,1.0
271,2659,1266,212,790,6,2,553,4,64,128,-1.0,-193.0,-1.09084581448,-0.0018701927351,1.0
272,2648,1260,212,791,6,2,554,4,64,128,-1.0,-194.0,-1.09270928819,0.0008565826177,1.0
273,2637,1254,212,792,6,2,555,4,64,128,-1.0,-195.0,-1.08913264924,0.00356997698188,1.0
274,2626,1248,212,793,6,2,556,4,64,128,-1.0,-196.0,-1.08556933423,0.00178165750624,1.0
275,2615,1243,212,794,6,2,557,4,64,128,-1.0,-197.0,-1.08556933423,0.00177498770274,1.0
276,2604,1237,212,795,6,2,558,4,64,128,-1.0,-198.0,-1.08201935882,0.00354329849887,1.0
277,2593,1231,212,796,6,2,559,4,64,128,-1.0,-199.0,-1.07848273723,0.0,1.0
278,2582,1225,212,797,6,2,560,4,64,128,-1.0,-200.0,-1.08201935882,-0.00354329849888,1.0
279,2571,1219,212,798,6,2,561,4,64,128,-1.0,-201.0,-1.08556933423,0.0,1.0
280,2560,1213,212,799,6,2,562,4,64,128,-1.0,-202.0,-1.08201935882,0.00354329849888,1.0
281,2549,1207,212,800,6,2,563,5,64,128,1.0,-201.0,-1.07848273723,0.00176831079613,1.0
282,2538,1201,212,801,6,2,564,5,64,128,-1.0,-202.0,-1.07848273723,3.99680288865e-15,1.0
283,2527,1196,212,802,6,2,565,5,64,128,-1.0,-203.0,-1.07848273723,0.0,1.0
284,2516,1190,212,803,6,2,566,5,64,128,-1.0,-204.0,-1.07848273723,-3.99680288865e-15,1.0
285,2505,1184,212,804,6,2,567,5,64,128,-1.0,-205.0,-1.07848273723,0.0,1.0
286,2494,1178,212,805,6,2,568,5,64,128,-1.0,-206.0,-1.07848273723,-0.000943334772256,1.0
287,2483,1172,212,806,6,2,569,5,64,128,-1.0,-207.0,-1.08036940677,-0.00012722241384,1.0
288,2472,1166,212,807,6,2,570,5,64,128,-1.0,-208.0,-1.07873718206,0.00256237673263,1.0
289,2461,1160,212,808,6,2,571,5,64,128,-1.0,-209.0,-1.07524465331,0.00174626437421,1.0
290,2450,1154,212,809,6,2,572,5,64,128,-1.0,-210.0,-1.07524465331,4.21884749358e-15,1.0
291,2439,1148,212,810,6,2,573,5,64,128,-1.0,-211.0,-1.07524465331,-0.000938877875009,1.0
292,2427,1142,212,811,6,2,574,5,64,128,-1.0,-212.0,-1.07712240906,-0.00187124874857,1.0
293,2416,1136,212,812,6,2,575,5,64,128,-1.0,-213.0,-1.07898715081,-0.000932370873554,1.0
294,2405,1130,212,813,6,2,576,5,64,128,-1.0,-214.0,-1.07898715081,0.0,1.0
295,2394,1124,212,814,6,2,577,5,64,128,-1.0,-215.0,-1.07898715081,-0.000925924867484,1.0
296,2383,1118,212,815,6,2,578,5,64,128,-1.0,-216.0,-1.08083900054,0.000800985143519,1.0
297,2371,1112,212,816,6,2,579,5,64,128,-1.0,-217.0,-1.07738518052,0.00438180664015,1.0
298,2360,1106,212,817,6,2,580,5,64,128,-1.0,-218.0,-1.07207538726,0.00265489662915,1.0
299,2349,1100,212,818,6,2,581,5,64,128,-1.0,-219.0,-1.07207538726,-0.000934377933198,1.0
300,2338,1094,212,819,6,2,582,5,64,128,-1.0,-220.0,-1.07394414313,-0.00186235934252,1.0
301,2326,1088,212,820,6,2,583,5,64,128,-1.0,-221.0,-1.07580010595,-3.99680288865e-15,1.0
302,2315,1081,212,821,6,2,584,5,64,128,-1.0,-222.0,-1.07394414313,0.000927981409317,1.0
303,2304,1075,212,822,6,2,585,5,64,128,-1.0,-223.0,-1.07394414313,-0.000927981409309,1.0
304,2293,1069,213,823,6,2,586,6,64,128,1.0,-222.0,-1.07580010595,0.000782008594626,1.0
305,2281,1063,213,824,6,2,587,6,64,128,-1.0,-223.0,-1.07238012594,0.00341363797617,1.0
306,2270,1057,213,825,6,2,588,6,64,128,-1.0,-224.0,-1.06897282999,0.0,1.0
307,2259,1051,213,826,6,2,589,6,64,128,-1.0,-225.0,-1.07238012594,-0.00433528199324,1.0
308,2247,1045,213,827,6,2,590,6,64,128,-1.0,-226.0,-1.07764339398,-0.00354699914482,1.0
309,2236,1039,213,828,6,2,591,6,64,128,-1.0,-227.0,-1.07947412423,-0.000915365123818,1.0
310,2225,1032,213,829,6,2,592,6,64,128,-1.0,-228.0,-1.07947412423,0.0017017399585,1.0
311,2213,1026,213,830,6,2,593,6,64,128,-1.0,-229.0,-1.07607064431,0.0024799321441,1.0
312,2202,1020,212,831,6,2,594,6,64,128,-1.0,-230.0,-1.07451425994,0.000778192185597,1.0
313,2190,1014,212,832,6,2,595,6,64,128,-1.0,-231.0,-1.07451425994,-1.99840144433e-15,1.0
314,2179,1008,212,833,6,2,596,6,64,128,-1.0,-232.0,-1.07451425994,-0.00259854555112,1.0
315,2167,1002,212,833,6,2,597,6,64,128,-1.0,-233.0,-1.07971135104,-0.00259854555112,0.0
316,2156,995,212,834,6,2,598,6,64,128,-1.0,-234.0,-1.07971135104,0.00168739821886,1.0
317,2144,989,212,834,6,2,599,6,64,128,-1.0,-235.0,-1.0763365546,0.00168739821886,0.0
318,2133,983,212,835,6,2,600,6,64,128,-1.0,-236.0,-1.0763365546,0.0,1.0
319,2121,977,212,835,6,2,601,6,64,128,-1.0,-237.0,-1.0763365546,0.0,0.0
320,2110,971,212,836,6,2,602,6,64,128,-1.0,-238.0,-1.0763365546,1.88737914186e-15,1.0
321,2098,964,212,836,6,2,603,6,64,128,-1.0,-239.0,-1.0763365546,0.0,0.0
322,2087,958,212,837,6,2,604,6,64,128,-1.0,-240.0,-1.0763365546,-1.88737914186e-15,1.0
323,2075,952,212,837,6,2,605,6,64,128,-1.0,-241.0,-1.0763365546,0.0,0.0
324,2064,946,212,838,6,2,606,6,64,128,-1.0,-242.0,-1.0763365546,0.00168128021304,1.0
325,2052,940,213,838,6,2,607,6,64,128,-1.0,-243.0,-1.07297399418,0.00168128021304,0.0
326,2041,933,213,839,6,2,608,6,64,128,-1.0,-244.0,-1.07297399418,-0.00168128021304,1.0
327,2029,927,213,839,6,2,609,6,64,128,-1.0,-245.0,-1.0763365546,0.0,0.0
328,2018,921,213,840,6,2,610,6,64,128,-1.0,-246.0,-1.07297399418,0.00335643782007,1.0
329,2006,915,213,840,6,2,611,6,64,128,-1.0,-247.0,-1.06962367896,0.00167515760703,0.0
330,1995,908,213,841,6,2,612,6,64,128,-1.0,-248.0,-1.06962367896,-0.0025841814037,1.0
331,1983,902,213,841,6,2,613,6,64,128,-1.0,-249.0,-1.07479204177,-0.0025841814037,0.0
332,1972,896,213,842,6,2,614,6,64,128,-1.0,-250.0,-1.07479204177,0.00167121832823,1.0
333,1960,889,213,842,6,2,615,6,64,128,-1.0,-251.0,-1.07144960511,0.00167121832823,0.0
334,1949,883,213,843,6,2,616,6,64,128,-1.0,-252.0,-1.07144960511,1.11022302463e-16,1.0
335,1937,877,213,843,6,2,617,6,64,128,-1.0,-253.0,-1.07144960511,-0.000906891387602,0.0
336,1925,871,213,844,6,2,618,6,64,128,-1.0,-254.0,-1.07326338789,-0.000906891387602,1.0
337,1914,864,213,844,6,2,619,6,64,128,-1.0,-255.0,-1.07326338789,1.99840144433e-15,0.0
338,1902,858,213,845,6,2,620,6,64,128,-1.0,-256.0,-1.07326338789,0.0,1.0
339,1891,852,213,845,6,2,621,6,64,128,-1.0,-257.0,-1.07326338789,-3.88578058619e-15,0.0
340,1879,845,213,846,6,2,622,6,64,128,-1.0,-258.0,-1.07326338789,0.00166126619239,1.0
341,1867,839,213,846,6,2,623,6,64,128,-1.0,-259.0,-1.06994085551,0.00166126619239,0.0
342,1856,833,213,847,6,2,624,6,64,128,-1.0,-260.0,-1.06994085551,-0.00166126619239,1.0
343,1844,826,213,847,6,2,625,7,64,128,1.0,-259.0,-1.07326338789,-0.000904750740101,0.0
344,1833,820,213,848,6,2,626,7,64,128,-1.0,-260.0,-1.07175035699,0.000756515452286,1.0
345,1821,814,213,848,6,2,627,7,64,128,-1.0,-261.0,-1.07175035699,-0.00075651545229,0.0
346,1809,807,213,849,6,2,628,7,64,128,-1.0,-262.0,-1.07326338789,1.99840144433e-15,1.0
347,1798,801,213,849,6,2,629,7,64,128,-1.0,-263.0,-1.07175035699,-0.00014226774406,0.0
348,1786,795,213,850,6,2,630,7,64,128,-1.0,-264.0,-1.07354792338,-0.00255230044496,1.0
349,1774,788,213,850,6,2,631,7,64,128,-1.0,-265.0,-1.07685495788,1.99840144433e-15,0.0
350,1763,782,213,851,6,2,632,7,64,128,-1.0,-266.0,-1.07354792338,0.00165351724861,1.0
351,1751,776,213,851,6,2,633,7,64,128,-1.0,-267.0,-1.07354792338,-0.00165351724861,0.0
352,1739,769,213,852,6,2,634,7,64,128,-1.0,-268.0,-1.07685495788,0.0,1.0
353,1727,763,213,852,6,2,635,7,64,128,-1.0,-269.0,-1.07354792338,0.00165351724861,0.0
354,1716,757,213,853,6,2,636,7,64,128,-1.0,-270.0,-1.07354792338,-0.000892868748191,1.0
355,1704,750,213,853,6,2,637,7,64,128,-1.0,-271.0,-1.07533366087,0.000750918785285,0.0
356,1692,744,213,854,6,2,638,7,64,128,-1.0,-272.0,-1.07204608581,0.000892868748192,1.0
357,1681,738,212,854,6,2,639,7,64,128,-1.0,-273.0,-1.07354792338,-0.000750918785287,0.0
358,1669,731,212,855,6,2,640,7,64,128,-1.0,-274.0,-1.07354792338,0.000750918785285,1.0
359,1657,725,212,855,6,2,641,7,64,128,-1.0,-275.0,-1.07204608581,-0.0017798755982,0.0
360,1645,718,212,856,6,2,642,7,64,128,-1.0,-276.0,-1.07710767457,-0.00164378753348,1.0
361,1634,712,212,856,6,2,643,7,64,128,-1.0,-277.0,-1.07533366087,0.00253079438349,0.0
362,1622,706,212,857,6,2,644,7,64,128,-1.0,-278.0,-1.07204608581,0.000752969479314,1.0
363,1610,699,212,857,6,2,645,7,64,128,-1.0,-279.0,-1.07382772192,-0.000890818054162,0.0
364,1598,693,212,858,6,2,646,7,64,128,-1.0,-280.0,-1.07382772192,-0.00163997632933,1.0
365,1586,687,212,858,6,2,647,7,64,128,-1.0,-281.0,-1.07710767457,-0.00163997632933,0.0
366,1575,680,212,859,6,2,648,7,64,128,-1.0,-282.0,-1.07710767457,0.00163997632933,1.0
367,1563,674,212,859,6,2,649,7,64,128,-1.0,-283.0,-1.07382772192,0.00163997632933,0.0
368,1551,667,212,860,6,2,650,7,64,128,-1.0,-284.0,-1.07382772192,-1.11022302463e-16,1.0
369,1539,661,212,860,6,2,651,7,64,128,-1.0,-285.0,-1.07382772192,3.88578058619e-15,0.0
370,1527,655,212,861,6,2,652,7,64,128,-1.0,-286.0,-1.07382772192,-0.00088500377737,1.0
371,1516,648,212,861,6,2,653,7,64,128,-1.0,-287.0,-1.07559772947,-0.00176424452516,0.0
372,1504,642,212,862,6,2,654,7,64,128,-1.0,-288.0,-1.07735621097,-0.000879240747792,1.0
373,1492,635,212,862,6,2,655,7,64,128,-1.0,-289.0,-1.07735621097,0.000879240747794,0.0
374,1480,629,212,863,6,2,656,7,64,128,-1.0,-290.0,-1.07559772947,0.00176424452516,1.0
375,1468,623,212,863,6,2,657,7,64,128,-1.0,-291.0,-1.07382772192,-1.88737914186e-15,0.0
376,1456,616,212,864,6,2,658,7,64,128,-1.0,-292.0,-1.07559772947,-0.00176424452516,1.0
377,1444,610,212,864,6,2,659,7,64,128,-1.0,-293.0,-1.07735621097,-0.000879240747792,0.0
378,1432,603,212,865,6,2,660,7,64,128,-1.0,-294.0,-1.07735621097,-1.11022302463e-16,1.0
379,1421,597,212,865,6,2,661,7,64,128,-1.0,-295.0,-1.07735621097,1.88737914186e-15,0.0
380,1409,591,212,866,6,2,662,7,64,128,-1.0,-296.0,-1.07735621097,1.11022302463e-16,1.0
381,1397,584,212,866,6,2,663,7,64,128,-1.0,-297.0,-1.07735621097,-1.88737914186e-15,0.0
382,1385,578,212,867,6,2,664,7,64,128,-1.0,-298.0,-1.07735621097,-0.0016323673143,1.0
383,1373,571,212,867,6,2,665,7,64,128,-1.0,-299.0,-1.08062094559,-0.00250209839531,0.0
384,1361,565,212,868,6,2,666,7,64,128,-1.0,-300.0,-1.08236040776,-0.000109027473198,1.0
385,1349,559,212,868,6,2,667,7,64,128,-1.0,-301.0,-1.08083900054,-0.00172254092831,0.0
386,1337,552,212,869,6,2,668,8,64,128,1.0,-300.0,-1.08580548961,-0.00495887147246,1.0
387,1325,546,212,869,6,2,669,8,64,128,-1.0,-301.0,-1.09075674349,-0.00410384735629,0.0
388,1313,540,212,870,6,2,670,8,64,128,-1.0,-302.0,-1.09401318433,-0.00326193679223,1.0
389,1301,533,211,870,6,2,671,8,64,128,-1.0,-303.0,-1.09728061707,-0.00410473246983,0.0
390,1289,527,211,871,6,2,672,8,64,128,-1.0,-304.0,-1.10222264927,-0.00657608058341,1.0
391,1276,521,211,871,6,2,673,8,64,128,-1.0,-305.0,-1.11043277824,-0.00656130313917,0.0
392,1264,515,211,872,6,2,674,8,64,128,-1.0,-306.0,-1.11534525554,-0.004904240555,1.0
393,1252,509,210,872,6,2,675,8,64,128,-1.0,-307.0,-1.12024125935,-0.00819433580997,0.0
394,1240,503,210,873,6,2,676,8,64,128,-1.0,-308.0,-1.13173392716,-0.0122664505616,1.0
395,1227,498,210,873,6,2,677,8,64,128,-1.0,-309.0,-1.14477416047,-0.00986037604046,0.0
396,1215,492,209,874,6,2,678,8,64,128,-1.0,-310.0,-1.15145467924,-0.00838813556263,1.0
397,1202,486,209,874,6,2,679,8,64,128,-1.0,-311.0,-1.1615504316,-0.011568450712,0.0
398,1190,481,208,875,6,2,680,8,64,128,-1.0,-312.0,-1.17459158067,-0.0130082920201,1.0
399,1177,476,207,875,6,2,681,8,64,128,-1.0,-313.0,-1.18756701564,-0.0129406582116,0.0
400,1164,471,207,876,6,2,682,8,64,128,-1.0,-314.0,-1.20047289709,-0.0145787264766,1.0
401,1152,466,206,876,6,2,683,8,64,128,-1.0,-315.0,-1.21672446859,-0.0173424396876,0.0
402,1139,462,205,877,6,2,684,8,64,128,-1.0,-316.0,-1.23515777647,-0.0190507931263,1.0
403,1126,457,205,877,6,2,685,8,64,128,-1.0,-317.0,-1.25482605484,-0.0196433450265,0.0
404,1113,453,204,878,6,2,686,8,64,128,-1.0,-318.0,-1.27444446652,-0.0190864365382,1.0
405,1099,449,203,878,6,2,687,8,64,128,-1.0,-319.0,-1.29299892792,-0.0208151849565,0.0
406,1086,446,202,879,6,2,688,8,64,128,-1.0,-320.0,-1.31607483643,-0.0212678721992,1.0
407,1073,442,201,879,6,2,689,8,64,128,-1.0,-321.0,-1.33553467232,-0.0211795611435,0.0
408,1059,440,200,880,6,2,690,8,64,128,-1.0,-322.0,-1.35843395872,-0.024286161832,1.0
409,1046,437,199,880,6,2,691,8,64,128,-1.0,-323.0,-1.38410699598,-0.0236068453299,0.0
410,1032,435,198,881,6,2,692,8,64,128,-1.0,-324.0,-1.40564764938,-0.0200729746474,1.0
411,1019,433,197,881,6,2,693,8,64,128,-1.0,-325.0,-1.42425294528,-0.0206222697325,0.0
412,1005,431,196,882,6,2,694,8,64,128,-1.0,-326.0,-1.44689218885,-0.024160168492,1.0
413,991,430,195,882,6,2,695,8,64,128,-1.0,-327.0,-1.47257328226,-0.0237056712013,0.0
414,978,429,194,883,6,2,696,8,64,128,-1.0,-328.0,-1.49430353125,-0.0217665549822,1.0
415,964,428,193,883,6,2,697,8,64,128,-1.0,-329.0,-1.51610639222,-0.0237050443265,0.0
416,950,427,192,884,6,2,698,8,64,128,-1.0,-330.0,-1.5417136199,-0.0273449672855,1.0
417,936,427,191,884,6,2,699,8,64,128,-1.0,-331.0,-1.57079632679,-0.0272658784321,0.0
418,922,428,189,885,6,2,700,8,64,128,-1.0,-332.0,-1.59624537676,-0.0236187803945,1.0
419,909,428,188,885,6,2,701,8,64,128,-1.0,-333.0,-1.61803388758,-0.0234441402843,0.0
420,895,429,187,886,6,2,702,9,64,128,1.0,-332.0,-1.64313365733,-0.0271154728851,1.0
421,881,431,186,886,6,2,703,9,64,128,-1.0,-333.0,-1.67226483335,-0.0291506218927,0.0
422,867,433,185,887,6,2,704,9,64,128,-1.0,-334.0,-1.70143490112,-0.0255904109181,1.0
423,854,435,184,887,6,2,705,9,64,128,-1.0,-335.0,-1.72344565519,-0.0220168123421,0.0
424,840,437,182,888,6,2,706,9,64,128,-1.0,-336.0,-1.7454685258,-0.0251979444291,1.0
425,826,440,181,888,6,2,707,9,64,128,-1.0,-337.0,-1.77384154405,-0.0268715134742,0.0
426,813,443,180,889,6,2,708,9,64,128,-1.0,-338.0,-1.79921155275,-0.0244723622494,1.0
427,799,447,179,889,6,2,709,9,64,128,-1.0,-339.0,-1.82278626855,-0.0232026609187,0.0
428,786,450,177,890,6,2,710,9,64,128,-1.0,-340.0,-1.84561687459,-0.0263097172529,1.0
429,773,454,176,890,6,2,711,9,64,128,-1.0,-341.0,-1.87540570305,-0.0309271357964,0.0
430,759,459,175,881,6,2,712,9,64,128,-1.0,-342.0,-1.90747114618,-0.029201075346,-9.0
431,746,464,174,881,6,2,713,9,64,128,-1.0,-343.0,-1.93380785375,-0.0246039250057,0.0
432,734,469,173,882,6,2,714,9,64,128,-1.0,-344.0,-1.95667899619,-0.0259471153704,1.0
433,721,474,172,882,6,2,715,9,64,128,-1.0,-345.0,-1.98570208449,-0.0299693135684,0.0
434,709,481,170,883,6,2,716,9,64,128,-1.0,-346.0,-2.01661762333,-0.0284358767449,1.0
435,697,487,169,883,6,2,717,9,64,128,-1.0,-347.0,-2.04257383798,-0.0285109571965,0.0
436,684,494,168,884,6,2,718,9,64,128,-1.0,-348.0,-2.07363953772,-0.0293274027755,1.0
437,672,500,167,884,6,2,719,9,64,128,-1.0,-349.0,-2.10122864353,-0.0274937325295,0.0
438,661,508,166,885,6,2,720,9,64,128,-1.0,-350.0,-2.12862700278,-0.0257761526519,1.0
439,649,515,164,885,6,2,721,9,64,128,-1.0,-351.0,-2.15278094883,-0.0226004280286,0.0
440,638,523,163,886,6,2,722,10,64,128,1.0,-350.0,-2.17382785884,-0.0231390944186,1.0
441,627,532,162,886,6,2,723,10,64,128,-1.0,-351.0,-2.19905913767,-0.0267751129996,0.0
442,616,540,161,887,6,2,724,10,64,128,-1.0,-352.0,-2.22737808484,-0.0260622993639,1.0
443,605,549,160,887,6,2,725,10,64,128,-1.0,-353.0,-2.2511837364,-0.0234742587147,0.0
444,594,558,158,888,6,2,726,10,64,128,-1.0,-354.0,-2.27432660227,-0.0244735586092,1.0
445,584,567,157,888,6,2,727,10,64,128,-1.0,-355.0,-2.30013085361,-0.0218592335269,0.0
446,574,576,156,889,6,2,728,10,64,128,-1.0,-356.0,-2.31804506932,-0.0203793546272,1.0
447,564,586,155,889,6,2,729,10,64,128,-1.0,-357.0,-2.34088956287,-0.0241765741825,0.0
448,554,596,154,890,6,2,730,10,64,128,-1.0,-358.0,-2.36639821769,-0.0242703830439,1.0
449,545,606,152,890,6,2,731,10,64,128,-1.0,-359.0,-2.38943032896,-0.0242760476109,0.0
450,535,617,151,891,6,2,732,10,64,128,-1.0,-360.0,-2.41495031291,-0.0241081027711,1.0
451,526,627,150,891,6,2,733,10,64,128,-1.0,-361.0,-2.4376465345,-0.0228608509216,0.0
452,518,638,149,892,6,2,734,10,64,128,-1.0,-362.0,-2.46067201475,-0.0230287569547,1.0
453,509,649,148,892,6,2,735,11,64,128,1.0,-361.0,-2.48370404841,-0.0230231015864,0.0
454,501,660,146,893,6,2,736,11,64,128,-1.0,-362.0,-2.50671821792,-0.0244654927729,1.0
455,493,672,145,893,6,2,737,11,64,128,-1.0,-363.0,-2.53263503395,-0.0269184468077,0.0
456,485,683,144,894,6,2,738,11,64,128,-1.0,-364.0,-2.56055511154,-0.0268895217579,1.0
457,478,695,143,894,6,2,739,11,64,128,-1.0,-365.0,-2.58641407747,-0.026481546812,0.0
458,470,707,142,895,6,2,740,11,64,128,-1.0,-366.0,-2.61351820516,-0.0289179298869,1.0
459,464,719,140,895,6,2,741,11,64,128,-1.0,-367.0,-2.64424993724,-0.0282135050428,0.0
460,457,732,139,896,6,2,742,11,64,128,-1.0,-368.0,-2.66994521525,-0.0264617532229,1.0
461,451,745,138,896,6,2,743,11,64,128,-1.0,-369.0,-2.69717344369,-0.0296184983717,0.0
462,446,757,137,896,6,2,744,11,64,128,-1.0,-370.0,-2.72918221199,-0.0319564163944,0.0
463,441,770,136,896,6,2,745,12,64,128,1.0,-369.0,-2.76108627648,-0.0295338464838,0.0
464,436,784,135,897,6,2,746,12,64,128,-1.0,-370.0,-2.78824990496,-0.0282466915685,1.0
465,431,797,134,897,6,2,747,12,64,128,-1.0,-371.0,-2.81757965961,-0.031114798375,0.0
466,427,810,134,897,6,2,748,12,64,128,-1.0,-372.0,-2.85047950171,-0.0299779933839,0.0
467,424,824,133,897,6,2,749,12,64,128,-1.0,-373.0,-2.87753564638,-0.025224262919,0.0
468,420,838,132,898,6,2,750,12,64,128,-1.0,-374.0,-2.90092802755,-0.0225008312946,1.0
469,417,851,132,898,6,2,751,12,64,128,-1.0,-375.0,-2.92253730897,-0.023384001114,0.0
470,415,865,131,898,6,2,752,12,64,128,-1.0,-376.0,-2.94769602978,-0.0254904940073,0.0
471,413,879,131,898,6,2,753,12,64,128,-1.0,-377.0,-2.97351829699,-0.0219757266201,0.0
472,411,893,130,899,6,2,754,12,64,128,-1.0,-378.0,-2.99164748302,-0.0196473060863,1.0
473,409,907,130,899,6,2,755,12,64,128,-1.0,-379.0,-3.01281290916,-0.0214149236106,0.0
474,407,921,130,899,6,2,756,12,64,128,-1.0,-380.0,-3.03447733024,-0.0163241979494,0.0
475,406,935,129,899,6,2,757,12,64,128,-1.0,-381.0,-3.04546130506,-0.010805014837,0.0
476,405,949,129,900,6,2,758,12,64,128,-1.0,-382.0,-3.05608735991,-0.0124119418735,1.0
477,404,963,129,900,6,2,759,12,64,128,-1.0,-383.0,-3.0702851888,-0.014212255636,0.0
478,404,977,129,900,6,2,760,12,64,128,-1.0,-384.0,-3.08451187118,-0.0124561054706,0.0
479,403,991,129,900,6,2,761,12,64,128,-1.0,-385.0,-3.09519739975,-0.00890763009423,0.0
480,402,1005,129,901,6,2,762,12,64,128,-1.0,-386.0,-3.10232713137,-0.00718886460152,1.0
481,402,1019,129,901,6,2,763,12,64,128,-1.0,-387.0,-3.10957512895,-0.00722396180007,0.0
482,402,1033,129,901,6,2,764,12,64,128,-1.0,-388.0,-3.11677505497,-0.00537206930853,0.0
483,402,1047,129,901,6,2,765,12,64,128,-1.0,-389.0,-3.12031926757,-0.00354447989755,0.0
484,401,1061,129,902,6,2,766,12,64,128,-1.0,-390.0,-3.12386401477,-0.00531774472426,1.0
485,401,1075,129,902,6,2,767,12,64,128,-1.0,-391.0,-3.13095475701,-0.00531827957413,0.0
486,401,1090,129,902,6,2,768,12,64,128,-1.0,-392.0,-3.13450057392,-0.00177290845061,0.0
487,401,1104,129,902,6,2,769,12,64,128,-1.0,-393.0,-3.13450057392,0.0,0.0
488,401,1118,129,903,6,2,770,12,64,128,-1.0,-394.0,-3.13450057392,-0.00177299762364,1.0
489,401,1132,129,903,6,2,771,12,64,128,-1.0,-395.0,-3.13804656916,3.13804661375,0.0
490,401,1146,129,903,6,2,772,12,64,128,-1.0,-396.0,3.14159265359,3.13981961138,0.0
491,401,1160,129,903,6,2,773,12,64,128,-1.0,-397.0,3.14159265359,0.0,0.0
492,401,1174,129,904,6,2,774,12,64,128,-1.0,-398.0,3.14159265359,0.0,1.0
493,401,1188,129,904,6,2,775,12,64,128,-1.0,-399.0,3.14159265359,0.0,0.0
494,401,1202,129,904,6,2,776,12,64,128,-1.0,-400.0,3.14159265359,0.0,0.0
495,401,1217,129,904,6,2,777,13,64,128,1.0,-399.0,3.14159265359,0.0,0.0
496,401,1231,129,905,6,2,778,13,64,128,-1.0,-400.0,3.14159265359,-3.13982587649,1.0
497,401,1245,129,905,6,2,779,13,64,128,-1.0,-401.0,-3.13805909939,-3.13807158504,0.0
498,401,1259,129,905,6,2,780,13,64,128,-1.0,-402.0,-3.13455051648,0.00175429145522,0.0
499,401,1273,129,905,6,2,781,13,64,128,-1.0,-403.0,-3.13455051648,1.24415248308e-05,0.0
500,401,1287,129,906,6,2,782,13,64,128,-1.0,-404.0,-3.13452563343,2.49712830038e-05,1.0
501,401,1301,129,906,6,2,783,13,64,128,-1.0,-405.0,-3.13450057392,1.25297581741e-05,0.0
502,400,1316,129,906,6,2,784,13,64,128,-1.0,-406.0,-3.13450057392,-1.2529758173e-05,0.0
503,400,1330,129,906,6,2,785,13,64,128,-1.0,-407.0,-3.13452563343,-2.49712830049e-05,0.0
504,400,1344,129,907,6,2,786,13,64,128,-1.0,-408.0,-3.13455051648,-1.24415248308e-05,1.0
505,400,1358,129,907,6,2,787,13,64,128,-1.0,-409.0,-3.13455051648,0.0,0.0
506,400,1372,129,907,6,2,788,13,64,128,-1.0,-410.0,-3.13455051648,-0.00175429145522,0.0
507,400,1386,129,907,6,2,789,13,64,128,-1.0,-411.0,-3.13805909939,3.13807158504,0.0
508,400,1401,129,908,6,2,790,13,64,128,-1.0,-412.0,3.14159265359,3.13982587649,1.0
509,400,1415,129,908,6,2,791,13,64,128,-1.0,-413.0,3.14159265359,0.0,0.0
510,400,1429,129,908,6,2,792,13,64,128,-1.0,-414.0,3.14159265359,0.0,0.0
511,400,1443,129,908,6,2,793,13,64,128,-1.0,-415.0,3.14159265359,0.0,0.0
512,400,1457,129,909,6,2,794,13,64,128,-1.0,-416.0,3.14159265359,0.0,1.0
513,400,1471,129,909,6,2,795,13,64,128,-1.0,-417.0,3.14159265359,0.0,0.0
514,400,1486,128,909,6,2,796,13,64,128,-1.0,-418.0,3.14159265359,0.0,0.0
515,400,1500,128,909,6,2,797,13,64,128,-1.0,-419.0,3.14159265359,0.0,0.0
516,400,1514,128,910,6,2,798,13,64,128,-1.0,-420.0,3.14159265359,0.0,1.0
517,400,1528,128,910,6,2,799,13,64,128,-1.0,-421.0,3.14159265359,0.0,0.0
518,400,1543,128,910,6,2,800,13,64,128,-1.0,-422.0,3.14159265359,0.0,0.0
519,400,1557,128,910,6,2,801,13,64,128,-1.0,-423.0,3.14159265359,0.0,0.0
520,400,1571,128,911,6,2,802,13,64,128,-1.0,-424.0,3.14159265359,0.0,1.0
521,400,1585,128,911,6,2,803,13,64,128,-1.0,-425.0,3.14159265359,0.0,0.0
522,400,1599,128,911,6,2,804,13,64,128,-1.0,-426.0,3.14159265359,0.0,0.0
523,400,1614,128,911,6,2,805,13,64,128,-1.0,-427.0,3.14159265359,0.0,0.0
524,400,1628,128,912,6,2,806,13,64,128,-1.0,-428.0,3.14159265359,0.0,1.0
525,400,1642,128,910,6,2,807,13,64,128,-1.0,-429.0,3.14159265359,0.0,-2.0
526,400,1656,128,910,6,2,808,13,64,128,-1.0,-430.0,3.14159265359,0.0,0.0
527,400,1671,128,910,6,2,809,13,64,128,-1.0,-431.0,3.14159265359,-3.13983827482,0.0
528,400,1685,128,911,6,2,810,13,64,128,-1.0,-432.0,-3.13808389606,-3.13807158504,1.0
529,400,1699,128,911,6,2,811,13,64,128,-1.0,-433.0,-3.13455051648,0.00176668978889,0.0
530,400,1713,128,911,6,2,812,13,64,128,-1.0,-434.0,-3.13455051648,-1.23542201991e-05,0.0
531,400,1727,128,911,6,2,813,13,64,128,-1.0,-435.0,-3.13457522492,-1.23542201991e-05,0.0
532,400,1742,128,912,6,2,814,13,64,128,-1.0,-436.0,-3.13457522492,1.23542202002e-05,1.0
533,399,1756,128,910,6,2,815,13,64,128,-1.0,-437.0,-3.13455051648,1.23542201991e-05,-2.0
534,399,1770,128,910,6,2,816,13,64,128,-1.0,-438.0,-3.13455051648,-1.23542202002e-05,0.0
535,399,1784,128,910,6,2,817,13,64,128,-1.0,-439.0,-3.13457522492,0.00172349434345,0.0
536,399,1799,128,911,6,2,818,14,64,128,1.0,-438.0,-3.13110352779,0.00350836879959,1.0
537,399,1813,128,911,6,2,819,14,64,128,-1.0,-439.0,-3.12755848732,3.69308039165e-05,0.0
538,399,1827,128,911,6,2,820,14,64,128,-1.0,-440.0,-3.13102966619,-0.00349601457939,0.0
539,399,1841,128,911,6,2,821,14,64,128,-1.0,-441.0,-3.13455051648,-0.00177277936757,0.0
540,399,1856,128,912,6,2,822,14,64,128,-1.0,-442.0,-3.13457522492,-1.2354220198e-05,1.0
541,398,1870,128,910,6,2,823,14,64,128,-1.0,-443.0,-3.13457522492,1.23542201991e-05,-2.0
542,398,1884,128,910,6,2,824,14,64,128,-1.0,-444.0,-3.13455051648,0.00177277936757,0.0
543,398,1898,128,910,6,2,825,14,64,128,-1.0,-445.0,-3.13102966619,0.00349601457939,0.0
544,398,1912,128,911,6,2,826,14,64,128,-1.0,-446.0,-3.12755848732,0.00173558943202,1.0
545,398,1927,128,911,6,2,827,14,64,128,-1.0,-447.0,-3.12755848732,-0.00173558943202,0.0
546,398,1941,128,911,6,2,828,14,64,128,-1.0,-448.0,-3.13102966619,-0.00349601457939,0.0
547,398,1955,128,911,6,2,829,14,64,128,-1.0,-449.0,-3.13455051648,-0.00177277936757,0.0
548,397,1969,128,912,6,2,830,14,64,128,-1.0,-450.0,-3.13457522492,-2.46220514895e-05,1.0
549,397,1984,128,910,6,2,831,14,64,128,-1.0,-451.0,-3.13459976058,-1.11022302463e-15,-2.0
550,397,1998,128,910,6,2,832,14,64,128,-1.0,-452.0,-3.13457522492,2.46220514895e-05,0.0
551,397,2012,128,910,6,2,833,14,64,128,-1.0,-453.0,-3.13455051648,0.0,0.0
552,397,2026,128,911,6,2,834,14,64,128,-1.0,-454.0,-3.13457522492,-0.00177282393029,1.0
553,397,2041,128,911,6,2,835,14,64,128,-1.0,-455.0,-3.13809616434,3.13808393926,0.0
554,397,2055,128,911,6,2,836,14,64,128,-1.0,-456.0,3.14159265359,1.23114804531e-05,0.0
555,397,2069,128,911,6,2,837,14,64,128,-1.0,-457.0,-3.13807154138,-3.13807158504,0.0
556,397,2083,128,912,6,2,838,14,64,128,-1.0,-458.0,-3.13455051648,0.00174815822964,1.0
557,397,2098,128,910,6,2,839,14,64,128,-1.0,-459.0,-3.13457522492,-1.23542201991e-05,-2.0
558,397,2112,128,910,6,2,840,14,64,128,-1.0,-460.0,-3.13457522492,1.23542201991e-05,0.0
559,397,2126,128,910,6,2,841,14,64,128,-1.0,-461.0,-3.13455051648,1.23542202002e-05,0.0
560,396,2140,128,911,6,2,842,14,64,128,-1.0,-462.0,-3.13455051648,-1.23542201991e-05,1.0
561,396,2154,128,911,6,2,843,14,64,128,-1.0,-463.0,-3.13457522492,-1.23542202002e-05,0.0
562,396,2169,128,911,6,2,844,14,64,128,-1.0,-464.0,-3.13457522492,1.23542201991e-05,0.0
563,396,2183,128,911,6,2,845,14,64,128,-1.0,-465.0,-3.13455051648,1.23542201991e-05,0.0
564,396,2197,128,912,6,2,846,14,64,128,-1.0,-466.0,-3.13455051648,-0.00176051244984,1.0
565,396,2211,128,910,6,2,847,14,64,128,-1.0,-467.0,-3.13807154138,-0.00176668978889,-2.0
566,396,2226,128,910,6,2,848,14,64,128,-1.0,-468.0,-3.13808389606,0.00174815822964,0.0
567,396,2240,128,910,6,2,849,14,64,128,-1.0,-469.0,-3.13457522492,0.00176668978889,0.0
568,396,2254,128,911,6,2,850,14,64,128,-1.0,-470.0,-3.13455051648,1.23542201991e-05,1.0
569,396,2268,128,911,6,2,851,14,64,128,-1.0,-471.0,-3.13455051648,-1.23542201991e-05,0.0
570,396,2282,128,911,6,2,852,14,64,128,-1.0,-472.0,-3.13457522492,-1.2354220198e-05,0.0
571,395,2297,127,911,6,2,853,14,64,128,-1.0,-473.0,-3.13457522492,1.23542201991e-05,0.0
572,395,2311,127,912,6,2,854,14,64,128,-1.0,-474.0,-3.13455051648,1.2354220198e-05,1.0
573,395,2325,127,910,6,2,855,14,64,128,-1.0,-475.0,-3.13455051648,-1.23542201991e-05,-2.0
574,395,2339,126,910,6,2,856,14,64,128,-1.0,-476.0,-3.13457522492,-2.46220514895e-05,0.0
575,395,2354,126,910,6,2,857,14,64,128,-1.0,-477.0,-3.13459976058,3.13808393926,0.0
576,395,2368,126,911,6,2,858,15,64,128,1.0,-476.0,3.14159265359,3.13457513853,1.0
577,395,2382,125,911,6,2,859,15,64,128,-1.0,-477.0,3.13455051648,-0.00528149370153,0.0
578,395,2396,124,911,6,2,860,15,64,128,-1.0,-478.0,3.13102966619,-0.00524996147455,0.0
579,395,2411,124,911,6,2,861,15,64,128,-1.0,-479.0,3.12405059353,-0.00699673945054,0.0
580,395,2425,123,912,6,2,862,15,64,128,-1.0,-480.0,3.11703618729,-0.00882733316455,1.0
581,396,2439,123,910,6,2,863,15,64,128,-1.0,-481.0,3.1063959272,-0.010593125448,-2.0
582,396,2453,122,910,6,2,864,15,64,128,-1.0,-482.0,3.09584993639,-0.0105409049511,0.0
583,397,2467,121,910,6,2,865,15,64,128,-1.0,-483.0,3.0853141173,-0.0124056787357,0.0
584,398,2482,120,911,6,2,866,15,64,128,-1.0,-484.0,3.07103857892,-0.0160713936672,1.0
585,399,2496,119,911,6,2,867,15,64,128,-1.0,-485.0,3.05317132997,-0.0159612866236,0.0
586,401,2510,118,911,6,2,868,15,64,128,-1.0,-486.0,3.03911600567,-0.0140350685358,0.0
587,402,2524,118,911,6,2,869,15,64,128,-1.0,-487.0,3.0251011929,-0.0157341440139,0.0
588,404,2538,117,912,6,2,870,15,64,128,-1.0,-488.0,3.00764771764,-0.0176777571512,1.0
589,406,2552,116,910,6,2,871,15,64,128,-1.0,-489.0,2.98974567859,-0.0196503652529,-2.0
590,409,2566,115,910,6,2,872,15,64,128,-1.0,-490.0,2.96834698714,-0.0196687423,0.0
591,411,2580,113,910,6,2,873,15,64,128,-1.0,-491.0,2.95040819399,-0.0179407921352,0.0
592,414,2594,112,911,6,2,874,15,64,128,-1.0,-492.0,2.93246540287,-0.0196512322322,1.0
593,417,2608,111,911,6,2,875,15,64,128,-1.0,-493.0,2.91110572953,-0.0213299089203,0.0
594,421,2622,110,911,6,2,876,15,64,128,-1.0,-494.0,2.88980558503,-0.0195733031033,0.0
595,425,2636,109,911,6,2,877,15,64,128,-1.0,-495.0,2.87195912332,-0.0200028737036,0.0
596,429,2649,108,912,6,2,878,15,64,128,-1.0,-496.0,2.84979983762,-0.0238412316987,1.0
597,433,2663,106,910,6,2,879,15,64,128,-1.0,-497.0,2.82427665992,-0.0238471187622,-2.0
598,438,2676,105,910,6,2,880,15,64,128,-1.0,-498.0,2.80210560009,-0.0227840934644,0.0
599,443,2690,104,910,6,2,881,16,64,128,1.0,-497.0,2.778708473,-0.0234527278846,0.0
600,448,2703,103,911,6,2,882,16,64,128,-1.0,-498.0,2.75520014433,-0.0228505165165,1.0
601,454,2716,102,911,6,2,883,16,64,128,-1.0,-499.0,2.73300743996,-0.0228847226345,0.0
602,460,2729,100,911,6,2,884,16,64,128,-1.0,-500.0,2.70943069906,-0.0235942711748,0.0
603,466,2742,99,911,6,2,885,16,64,128,-1.0,-501.0,2.68581889761,-0.0236161921587,0.0
604,473,2754,98,912,6,2,886,16,64,128,-1.0,-502.0,2.66219831474,-0.0244625136382,1.0
605,480,2767,97,910,6,2,887,16,64,128,-1.0,-503.0,2.63689387034,-0.0244669261376,-2.0
606,487,2779,96,910,6,2,888,16,64,128,-1.0,-504.0,2.61326446246,-0.0235933601244,0.0
607,494,2791,95,910,6,2,889,16,64,128,-1.0,-505.0,2.58970715009,-0.024466319045,0.0
608,502,2803,93,911,6,2,890,16,64,128,-1.0,-506.0,2.56433182437,-0.0229364440456,1.0
609,510,2815,92,911,6,2,891,16,64,128,-1.0,-507.0,2.543834262,-0.0214943283835,0.0
610,518,2826,91,911,6,2,892,16,64,128,-1.0,-508.0,2.52134316761,-0.0225187493497,0.0
611,527,2838,90,911,6,2,893,16,64,128,-1.0,-509.0,2.4987967633,-0.0214767533616,0.0
612,536,2849,89,912,6,2,894,16,64,128,-1.0,-510.0,2.47838966088,-0.022825167054,1.0
613,545,2860,87,910,6,2,895,16,64,128,-1.0,-511.0,2.45314642919,-0.0250008263101,-2.0
614,554,2871,86,910,6,2,896,16,64,128,-1.0,-512.0,2.42838800826,-0.0236208411139,0.0
615,564,2881,85,910,6,2,897,17,64,128,1.0,-511.0,2.40590474696,-0.0224525041543,0.0
616,573,2892,84,911,6,2,898,17,64,128,-1.0,-512.0,2.38348299995,-0.0223675867192,1.0
617,583,2902,83,911,6,2,899,17,64,128,-1.0,-513.0,2.36116957352,-0.0223715480311,0.0
618,594,2912,81,911,6,2,900,17,64,128,-1.0,-514.0,2.33873990389,-0.0249723725916,0.0
619,604,2921,80,911,6,2,901,17,64,128,-1.0,-515.0,2.31122482834,-0.0248878049095,0.0
620,615,2931,79,912,6,2,902,17,64,128,-1.0,-516.0,2.28896429407,-0.0235195726968,1.0
621,626,2940,78,910,6,2,903,17,64,128,-1.0,-517.0,2.26418568295,-0.0274824872863,-2.0
622,637,2949,77,910,6,2,904,17,64,128,-1.0,-518.0,2.2339993195,-0.0267109007781,0.0
623,648,2957,75,910,6,2,905,17,64,128,-1.0,-519.0,2.21076388139,-0.0243550110422,0.0
624,660,2965,74,911,6,2,906,17,64,128,-1.0,-520.0,2.18528929742,-0.0279432497863,1.0
625,672,2974,73,911,6,2,907,17,64,128,-1.0,-521.0,2.15487738182,-0.029447761217,0.0
626,684,2981,72,911,6,2,908,17,64,128,-1.0,-522.0,2.12639377498,-0.0285132470276,0.0
627,696,2988,71,911,6,2,909,17,64,128,-1.0,-523.0,2.09785088776,-0.0285493314959,0.0
628,708,2995,70,902,6,2,910,17,64,128,-1.0,-524.0,2.06929511199,-0.0285389612753,-9.0
629,721,3001,69,902,6,2,911,17,64,128,-1.0,-525.0,2.04077296521,-0.0309358126912,0.0
630,734,3007,68,902,6,2,912,17,64,128,-1.0,-526.0,2.00742348661,-0.0318411642537,0.0
631,747,3013,68,902,6,2,913,17,64,128,-1.0,-527.0,1.9770906367,-0.0270702936348,0.0
632,760,3018,67,903,6,2,914,17,64,128,-1.0,-528.0,1.95328289934,-0.0254243240835,1.0
633,773,3023,67,903,6,2,915,18,64,128,1.0,-527.0,1.92624198854,-0.0270048310961,0.0
634,787,3027,66,903,6,2,916,18,64,128,-1.0,-528.0,1.89927323715,-0.0246944430261,0.0
635,800,3031,66,903,6,2,917,18,64,128,-1.0,-529.0,1.87685310249,-0.0219148401747,0.0
636,814,3035,65,904,6,2,918,18,64,128,-1.0,-530.0,1.8554435568,-0.0192757971817,1.0
637,827,3039,65,904,6,2,919,18,64,128,-1.0,-531.0,1.83830150812,-0.0172233411124,0.0
638,841,3042,65,904,6,2,920,18,64,128,-1.0,-532.0,1.82099687457,-0.0165447528016,0.0
639,855,3045,65,904,6,2,921,18,84,128,-1.0,-533.0,1.80521200252,-0.0159648455273,0.0
640,869,3048,64,881,6,2,922,18,84,128,-1.0,-534.0,1.78906718352,-0.0159534695528,-23.0
641,882,3051,64,857,6,2,923,18,84,128,-1.0,-535.0,1.77330506341,-0.015645793402,-24.0
642,895,3054,64,833,6,2,924,18,84,128,-1.0,-536.0,1.75777559671,-0.0177264388953,-24.0
643,908,3056,64,809,6,2,925,18,84,128,-1.0,-537.0,1.73785218562,-0.018066954149,-24.0
644,920,3058,64,786,6,2,926,18,84,128,-1.0,-538.0,1.72164168842,-0.0165838931475,-23.0
645,933,3059,64,762,6,2,927,18,84,128,-1.0,-539.0,1.70468439933,-0.0191757976104,-24.0
646,944,3061,64,746,6,2,928,18,84,128,-1.0,-540.0,1.6832900932,-0.0200732654942,-16.0
647,956,3062,64,730,6,2,929,18,84,128,-1.0,-541.0,1.66453786834,-0.0170262137998,-16.0
648,967,3062,64,715,6,2,930,18,84,128,-1.0,-542.0,1.6492376656,-0.0156613657741,-15.0
649,979,3063,64,699,6,2,931,18,84,128,-1.0,-543.0,1.63321513679,-0.0141276022633,-16.0
650,990,3063,64,691,6,2,932,18,84,128,-1.0,-544.0,1.62098246107,-0.0126133329555,-8.0
651,1000,3063,64,675,6,2,933,18,84,128,-1.0,-545.0,1.60798847088,-0.0132469429019,-16.0
652,1011,3064,64,660,6,2,934,18,84,128,-1.0,-546.0,1.59448857527,-0.00888855409128,-15.0
653,1021,3064,64,644,6,2,935,18,84,128,-1.0,-547.0,1.5902113627,-0.00442092754567,-16.0
654,1031,3064,64,636,6,2,936,18,84,128,-1.0,-548.0,1.58564672017,-0.00465718465848,-8.0
655,1041,3064,64,620,6,2,937,18,84,128,-1.0,-549.0,1.58089699338,0.000266504200746,-16.0
656,1051,3064,64,605,6,2,938,18,84,128,-1.0,-550.0,1.58617972858,0.00276153101756,-15.0
657,1060,3064,64,589,6,2,939,18,84,128,-1.0,-551.0,1.58642005542,-0.00240089307975,-16.0
658,1069,3064,65,593,6,2,940,18,84,128,-1.0,-552.0,1.58137794242,-0.00246447461179,4.0
659,1079,3064,65,577,6,2,941,18,84,128,-1.0,-553.0,1.58149110619,0.000114387026503,-16.0
660,1088,3064,65,581,6,2,942,18,84,128,-1.0,-554.0,1.58160671647,0.00284859745555,4.0
661,1097,3065,65,585,6,2,943,18,84,128,-1.0,-555.0,1.5871883011,0.00558204731129,4.0
662,1106,3065,65,589,6,2,944,18,84,128,-1.0,-556.0,1.59277081109,0.00273123458769,4.0
663,1115,3065,65,593,6,2,945,18,84,128,-1.0,-557.0,1.59265077028,-6.00204066501e-05,4.0
664,1124,3065,65,585,6,2,946,18,84,128,-1.0,-558.0,1.59265077028,6.00204066501e-05,-8.0
665,1133,3065,65,577,6,2,947,18,84,128,-1.0,-559.0,1.59277081109,-0.00268620982419,-8.0
666,1142,3066,65,581,6,2,948,18,84,128,-1.0,-560.0,1.58727835063,-0.00549295780697,4.0
667,1151,3066,64,585,6,2,949,18,84,128,-1.0,-561.0,1.58178489548,-0.00274672757612,4.0
668,1161,3066,64,589,6,2,950,19,84,128,1.0,-560.0,1.58178489548,1.25455201783e-14,4.0
669,1170,3066,64,593,6,2,951,19,84,128,-1.0,-561.0,1.58178489548,-3.00210146869e-05,4.0
670,1179,3066,64,577,6,2,952,19,84,128,-1.0,-562.0,1.58172485345,-0.00277691979096,-16.0
671,1188,3066,64,581,6,2,953,19,84,128,-1.0,-563.0,1.5762310559,-0.00274689877627,4.0
672,1197,3066,64,585,6,2,954,19,84,128,-1.0,-564.0,1.5762310559,0.00274689877627,4.0
673,1206,3066,64,589,6,2,955,19,84,128,-1.0,-565.0,1.58172485345,0.00277691979096,4.0
674,1215,3066,64,593,6,2,956,19,84,128,-1.0,-566.0,1.58178489548,3.00210146869e-05,4.0
675,1225,3066,64,577,6,2,957,19,84,128,-1.0,-567.0,1.58178489548,-1.25455201783e-14,-16.0
676,1234,3066,64,581,6,2,958,19,84,128,-1.0,-568.0,1.58178489548,-1.26565424807e-14,4.0
677,1243,3067,64,585,6,2,959,19,84,128,-1.0,-569.0,1.58178489548,0.0,4.0
678,1252,3067,64,589,6,2,960,19,84,128,-1.0,-570.0,1.58178489548,-3.00210146617e-05,4.0
679,1261,3067,64,593,6,2,961,19,84,128,-1.0,-571.0,1.58172485345,0.00270170281265,4.0
680,1270,3067,64,577,6,2,962,19,84,128,-1.0,-572.0,1.5871883011,0.00552297882162,-16.0
681,1279,3067,65,581,6,2,963,19,84,128,-1.0,-573.0,1.59277081109,4.50247634983e-05,4.0
682,1288,3067,65,585,6,2,964,19,84,128,-1.0,-574.0,1.58727835063,-0.00549295780695,4.0
683,1297,3067,65,589,6,2,965,19,84,128,-1.0,-575.0,1.58178489548,-1.24344978758e-14,4.0
684,1307,3067,65,581,6,2,966,19,84,128,-1.0,-576.0,1.58727835063,0.00549295780696,-8.0
685,1316,3068,65,585,6,2,967,19,84,128,-1.0,-577.0,1.59277081109,0.00274623023084,4.0
686,1325,3068,65,589,6,2,968,19,84,128,-1.0,-578.0,1.59277081109,-6.00204066624e-05,4.0
687,1334,3068,65,593,6,2,969,19,84,128,-1.0,-579.0,1.59265077028,0.00259637155383,4.0
688,1343,3068,65,577,6,2,970,19,84,128,-1.0,-580.0,1.5979635542,0.00546035046038,-16.0
689,1352,3069,65,581,6,2,971,19,84,128,-1.0,-581.0,1.6035714712,0.00289393510499,4.0
690,1361,3069,65,585,6,2,972,19,84,128,-1.0,-582.0,1.60375142441,8.99766050987e-05,4.0
691,1370,3069,66,589,6,2,973,19,84,128,-1.0,-583.0,1.60375142441,0.00274374620346,4.0
692,1380,3069,66,593,6,2,974,19,84,128,-1.0,-584.0,1.60923891682,0.00536646658855,4.0
693,1389,3070,66,577,6,2,975,19,84,128,-1.0,-585.0,1.61448435759,0.00262272038509,-16.0
694,1398,3070,66,581,6,2,976,19,84,128,-1.0,-586.0,1.61448435759,0.00272635181232,4.0
695,1407,3071,66,585,6,2,977,19,84,128,-1.0,-587.0,1.61993706121,0.00530319055846,4.0
696,1416,3071,66,589,6,2,978,19,84,128,-1.0,-588.0,1.6250907387,0.0054481587897,4.0
697,1425,3072,67,593,6,2,979,19,84,128,-1.0,-589.0,1.63083337879,0.0057721786972,4.0
698,1435,3072,67,577,6,2,980,19,84,128,-1.0,-590.0,1.6366350961,0.00563520639493,-16.0
699,1443,3073,67,581,6,2,981,19,84,128,-1.0,-591.0,1.64210379158,0.00273434774128,4.0
700,1453,3074,67,585,6,2,982,19,84,128,-1.0,-592.0,1.64210379158,-4.4408920985e-16,4.0
701,1462,3074,67,589,6,2,983,19,84,128,-1.0,-593.0,1.64210379158,0.00273221324225,4.0
702,1471,3075,67,593,6,2,984,19,84,128,-1.0,-594.0,1.64756821806,0.00546213151689,4.0
703,1480,3076,68,577,6,2,985,19,84,128,-1.0,-595.0,1.65302805461,0.00545738192986,-16.0
704,1489,3077,68,581,6,2,986,19,84,128,-1.0,-596.0,1.65848298192,0.00296844200874,4.0
705,1498,3077,68,585,6,2,987,19,84,128,-1.0,-597.0,1.65896493863,0.00323923780101,4.0
706,1507,3078,68,589,6,2,988,19,84,128,-1.0,-598.0,1.66496145753,0.00575002032729,4.0
707,1516,3079,68,593,6,2,989,19,84,128,-1.0,-599.0,1.67046497929,0.00275176087981,4.0
708,1526,3080,68,577,6,2,990,19,84,128,-1.0,-600.0,1.67046497929,-0.00301036318722,-16.0
709,1534,3081,68,569,6,2,991,19,84,128,-1.0,-601.0,1.66444425291,-0.00326614842565,-8.0
710,1543,3082,68,577,6,2,992,19,84,128,-1.0,-602.0,1.66393268243,0.00246629376104,8.0
711,1552,3083,68,581,6,2,993,19,84,128,-1.0,-603.0,1.66937684043,0.00272207899947,4.0
712,1561,3084,68,585,6,2,994,19,84,128,-1.0,-604.0,1.66937684043,0.000270546477547,4.0
713,1570,3085,68,589,6,2,995,19,84,128,-1.0,-605.0,1.66991793339,0.000270546477547,4.0
714,1580,3085,68,593,6,2,996,19,84,128,-1.0,-606.0,1.66991793339,-0.000270546477535,4.0
715,1589,3086,68,577,6,2,997,19,84,128,-1.0,-607.0,1.66937684043,-0.000270546477547,-16.0
716,1598,3087,68,581,6,2,998,19,84,128,-1.0,-608.0,1.66937684043,-1.23234755733e-14,4.0
717,1607,3088,68,585,6,2,999,20,84,128,1.0,-607.0,1.66937684043,1.23234755733e-14,4.0
718,1616,3089,68,589,6,2,1000,20,84,128,-1.0,-608.0,1.66937684043,0.00300441042142,4.0
719,1625,3090,68,593,6,2,1001,20,84,128,-1.0,-609.0,1.67538566128,0.00573513973558,4.0
720,1634,3091,68,577,6,2,1002,20,84,128,-1.0,-610.0,1.6808471199,0.00243080732987,-16.0
721,1643,3092,68,581,6,2,1003,20,84,128,-1.0,-611.0,1.68024727594,-0.000299921984303,4.0
722,1652,3093,68,585,6,2,1004,20,84,128,-1.0,-612.0,1.68024727594,0.0,4.0
723,1661,3094,68,589,6,2,1005,20,84,128,-1.0,-613.0,1.68024727594,-0.00271606688514,4.0
724,1670,3095,68,593,6,2,1006,20,84,128,-1.0,-614.0,1.67481514217,-0.00543521775127,4.0
725,1680,3096,68,577,6,2,1007,20,84,128,-1.0,-615.0,1.66937684043,-0.00271915086615,-16.0
726,1689,3097,68,581,6,2,1008,20,84,128,-1.0,-616.0,1.66937684043,-1.29896093881e-14,4.0
727,1698,3098,68,585,6,2,1009,20,84,128,-1.0,-617.0,1.66937684043,1.23234755733e-14,4.0
728,1707,3099,68,589,6,2,1010,20,84,128,-1.0,-618.0,1.66937684043,1.23234755733e-14,4.0
729,1716,3099,68,593,6,2,1011,20,84,128,-1.0,-619.0,1.66937684043,0.000270546477535,4.0
730,1725,3100,68,577,6,2,1012,20,84,128,-1.0,-620.0,1.66991793339,0.000544069426167,-16.0
731,1734,3101,68,581,6,2,1013,20,84,128,-1.0,-621.0,1.67046497929,0.000273522948632,4.0
732,1743,3102,68,585,6,2,1014,20,84,128,-1.0,-622.0,1.67046497929,1.25455201783e-14,4.0
733,1752,3103,68,589,6,2,1015,20,84,128,-1.0,-623.0,1.67046497929,0.00246034099524,4.0
734,1761,3104,68,593,6,2,1016,20,84,128,-1.0,-624.0,1.67538566128,0.0048911483251,4.0
735,1770,3105,68,577,6,2,1017,20,84,128,-1.0,-625.0,1.68024727594,0.00243080732987,-16.0
736,1779,3106,68,581,6,2,1018,20,84,128,-1.0,-626.0,1.68024727594,0.0,4.0
737,1788,3107,68,585,6,2,1019,20,84,128,-1.0,-627.0,1.68024727594,0.0,4.0
738,1797,3108,68,589,6,2,1020,20,84,128,-1.0,-628.0,1.68024727594,7.77156117238e-16,4.0
739,1807,3109,68,593,6,2,1021,20,84,128,-1.0,-629.0,1.68024727594,0.0,4.0
740,1816,3110,68,577,6,2,1022,20,84,128,-1.0,-630.0,1.68024727594,-7.77156117238e-16,-16.0
741,1825,3111,68,581,6,2,1023,20,84,128,-1.0,-631.0,1.68024727594,0.0,4.0
742,1834,3112,68,585,6,2,1024,20,84,128,-1.0,-632.0,1.68024727594,0.0,4.0
743,1843,3113,68,589,6,2,1025,20,84,128,-1.0,-633.0,1.68024727594,0.000299921984303,4.0
744,1852,3114,68,593,6,2,1026,20,84,128,-1.0,-634.0,1.6808471199,0.000299921984303,4.0
745,1861,3115,68,577,6,2,1027,20,84,128,-1.0,-635.0,1.6808471199,-0.000299921984303,-16.0
746,1870,3116,68,581,6,2,1028,20,84,128,-1.0,-636.0,1.68024727594,-0.000299921984303,4.0
747,1879,3117,69,585,6,2,1029,20,84,128,-1.0,-637.0,1.68024727594,0.00271282813777,4.0
748,1888,3118,69,589,6,2,1030,20,84,128,-1.0,-638.0,1.68567293221,0.00542226389329,4.0
749,1897,3119,69,593,6,2,1031,20,84,128,-1.0,-639.0,1.69109180372,0.00270943575554,4.0
750,1907,3120,69,577,6,2,1032,20,84,128,-1.0,-640.0,1.69109180372,0.00270589091926,-16.0
751,1916,3121,69,581,6,2,1033,20,84,128,-1.0,-641.0,1.69650358556,0.00540808577728,4.0
752,1925,3122,70,585,6,2,1034,20,84,128,-1.0,-642.0,1.70190797528,0.00540054370633,4.0
753,1934,3124,70,589,6,2,1035,20,84,128,-1.0,-643.0,1.70730467297,0.00539270306083,4.0
754,1943,3125,70,593,6,2,1036,20,84,128,-1.0,-644.0,1.7126933814,0.00578550493796,4.0
755,1952,3126,70,577,6,2,1037,20,84,128,-1.0,-645.0,1.71887568285,0.00892069803336,-16.0
756,1961,3128,71,581,6,2,1038,20,84,128,-1.0,-646.0,1.73053477747,0.00853466067978,4.0
757,1970,3129,71,585,6,2,1039,20,84,128,-1.0,-647.0,1.73594500421,0.00270511337187,4.0
758,1979,3131,71,589,6,2,1040,20,84,128,-1.0,-648.0,1.73594500421,0.0,4.0
759,1988,3132,71,593,6,2,1041,21,84,128,1.0,-647.0,1.73594500421,0.0027002437756,4.0
760,1997,3134,71,577,6,2,1042,21,84,128,-1.0,-648.0,1.74134549176,0.00539547401896,-16.0
761,2006,3136,71,581,6,2,1043,21,84,128,-1.0,-649.0,1.74673595225,0.00269523024335,4.0
762,2015,3137,71,585,6,2,1044,21,84,128,-1.0,-650.0,1.74673595225,-1.22124532709e-14,4.0
763,2024,3139,71,589,6,2,1045,21,84,128,-1.0,-651.0,1.74673595225,0.00269007447449,4.0
764,2033,3140,71,593,6,2,1046,21,84,128,-1.0,-652.0,1.7521161012,0.00269007447449,4.0
765,2042,3142,71,577,6,2,1047,21,84,128,-1.0,-653.0,1.7521161012,-0.00269007447449,-16.0
766,2051,3144,71,581,6,2,1048,21,84,128,-1.0,-654.0,1.74673595225,0.000495361451894,4.0
767,2060,3145,71,585,6,2,1049,21,84,128,-1.0,-655.0,1.7531068241,0.00639907103381,4.0
768,2069,3147,71,589,6,2,1050,21,84,128,-1.0,-656.0,1.75953409432,0.00592091533638,4.0
769,2078,3149,72,593,6,2,1051,21,84,128,-1.0,-657.0,1.76494865477,0.00540880809257,4.0
770,2087,3150,72,577,6,2,1052,21,84,128,-1.0,-658.0,1.7703517105,0.00270152786362,-16.0
771,2096,3152,72,581,6,2,1053,21,84,128,-1.0,-659.0,1.7703517105,0.00269563659171,4.0
772,2104,3154,72,585,6,2,1054,21,84,128,-1.0,-660.0,1.77574298368,0.00538524497987,4.0
773,2113,3156,72,589,6,2,1055,21,84,128,-1.0,-661.0,1.78112220046,0.00268960838818,4.0
774,2122,3158,73,593,6,2,1056,21,84,128,-1.0,-662.0,1.78112220046,0.00268344526004,4.0
775,2131,3160,73,577,6,2,1057,21,84,128,-1.0,-663.0,1.78648909098,0.00536059450497,-16.0
776,2140,3162,73,581,6,2,1058,21,84,128,-1.0,-664.0,1.79184338947,0.00267714924495,4.0
777,2149,3164,73,585,6,2,1059,21,84,128,-1.0,-665.0,1.79184338947,0.0,4.0
778,2158,3166,73,589,6,2,1060,21,84,128,-1.0,-666.0,1.79184338947,0.00267072240961,4.0
779,2167,3168,74,593,6,2,1061,21,84,128,-1.0,-667.0,1.79718483429,0.00533488925771,4.0
780,2176,3170,74,577,6,2,1062,21,84,128,-1.0,-668.0,1.80251316799,0.00266416684812,-16.0
781,2185,3172,74,581,6,2,1063,21,84,128,-1.0,-669.0,1.80251316799,9.21485110439e-15,4.0
782,2193,3174,74,585,6,2,1064,21,84,128,-1.0,-670.0,1.80251316799,0.00265748468042,4.0
783,2202,3176,74,589,6,2,1065,21,84,128,-1.0,-671.0,1.80782813735,0.00530816273128,4.0
784,2211,3179,74,593,6,2,1066,21,84,128,-1.0,-672.0,1.81312949345,0.00265067805086,4.0
785,2220,3181,74,577,6,2,1067,21,84,128,-1.0,-673.0,1.81312949345,0.000657855011805,-16.0
786,2229,3183,74,581,6,2,1068,21,84,128,-1.0,-674.0,1.81444520347,0.000657855011817,4.0
787,2238,3185,74,585,6,2,1069,21,84,128,-1.0,-675.0,1.81444520347,0.00198589411452,4.0
788,2247,3188,74,589,6,2,1070,21,84,128,-1.0,-676.0,1.8184169917,0.0019858941145,4.0
789,2256,3190,74,593,6,2,1071,21,84,128,-1.0,-677.0,1.8184169917,-0.00264374912632,4.0
790,2265,3192,74,577,6,2,1072,21,84,128,-1.0,-678.0,1.81312949345,-0.00264374912632,-16.0
791,2273,3194,74,581,6,2,1073,21,84,128,-1.0,-679.0,1.81312949345,0.00331476956985,4.0
792,2282,3196,74,585,6,2,1074,21,84,128,-1.0,-680.0,1.81975903259,0.00399294982129,4.0
793,2291,3199,74,589,6,2,1075,21,84,128,-1.0,-681.0,1.82111539309,-0.00199202133293,4.0
794,2300,3201,74,593,6,2,1076,21,84,128,-1.0,-682.0,1.81577498992,-0.00267020158438,4.0
795,2309,3203,74,577,6,2,1077,21,84,128,-1.0,-683.0,1.81577498992,0.00199202133293,-16.0
796,2318,3205,74,581,6,2,1078,21,84,128,-1.0,-684.0,1.81975903259,0.00395770098438,4.0
797,2326,3208,74,585,6,2,1079,21,84,128,-1.0,-685.0,1.82369039189,0.0,4.0
798,2335,3210,74,589,6,2,1080,21,84,128,-1.0,-686.0,1.81975903259,-0.0012874994,4.0
799,2344,3212,74,593,6,2,1081,21,84,128,-1.0,-687.0,1.82111539309,0.0033411097426,4.0
800,2353,3214,74,577,6,2,1082,21,84,128,-1.0,-688.0,1.82644125207,0.00266292949116,-16.0
801,2362,3217,74,581,6,2,1083,21,84,128,-1.0,-689.0,1.82644125207,-0.000691354615309,4.0
802,2371,3219,74,585,6,2,1084,22,84,128,1.0,-688.0,1.82505854284,-0.00137543009117,4.0
803,2379,3221,74,589,6,2,1085,22,84,128,-1.0,-689.0,1.82369039189,-0.000684075475847,4.0
804,2388,3224,74,593,6,2,1086,22,84,128,-1.0,-690.0,1.82369039189,0.0033265518439,4.0
805,2397,3226,74,577,6,2,1087,22,84,128,-1.0,-691.0,1.83034349558,0.00403096671312,-16.0
806,2406,3228,74,581,6,2,1088,22,84,128,-1.0,-692.0,1.83175232532,-0.00195112175271,4.0
807,2415,3231,75,585,6,2,1089,22,84,128,-1.0,-693.0,1.82644125207,-0.00070441486923,4.0
808,2424,3233,75,589,6,2,1090,22,84,128,-1.0,-694.0,1.83034349558,0.00125410307328,4.0
809,2433,3235,75,593,6,2,1091,22,64,128,-1.0,-695.0,1.82894945822,-0.000697018679426,4.0
810,2441,3238,75,597,6,2,1092,22,84,128,-1.0,-696.0,1.82894945822,0.0026222505605,4.0
811,2450,3240,75,581,6,2,1093,22,84,128,-1.0,-697.0,1.83419395934,0.00262225056048,-16.0
812,2459,3242,75,585,6,2,1094,22,84,128,-1.0,-698.0,1.83419395934,-8.65973959208e-15,4.0
813,2468,3245,75,589,6,2,1095,22,64,128,-1.0,-699.0,1.83419395934,0.0026148545252,4.0
814,2477,3247,75,593,6,2,1096,22,64,128,-1.0,-700.0,1.83942366839,0.00449465448165,4.0
815,2486,3250,75,597,6,2,1097,22,64,128,-1.0,-701.0,1.8431832683,0.00373483889977,4.0
816,2495,3252,75,601,6,2,1098,22,64,128,-1.0,-702.0,1.84689334619,0.00623380634455,4.0
817,2504,3255,75,605,6,2,1099,22,64,128,-1.0,-703.0,1.85565088099,0.00616626956149,4.0
818,2513,3257,76,609,6,2,1100,22,64,128,-1.0,-704.0,1.85922588531,0.00430867545126,4.0
819,2522,3260,76,613,6,2,1101,22,64,128,-1.0,-705.0,1.8642682319,0.00503468653388,4.0
820,2531,3263,76,617,6,2,1102,22,64,128,-1.0,-706.0,1.86929525838,0.0067263587786,4.0
821,2540,3266,77,621,6,2,1103,22,64,128,-1.0,-707.0,1.87772094945,0.00835788408227,4.0
822,2550,3269,77,625,6,2,1104,22,64,128,-1.0,-708.0,1.88601102655,0.00822333793143,4.0
823,2559,3272,78,629,6,2,1105,22,64,128,-1.0,-709.0,1.89416762532,0.00809092885681,4.0
824,2568,3275,78,633,6,2,1106,22,64,128,-1.0,-710.0,1.90219288426,0.00557905647703,4.0
825,2577,3278,78,637,6,2,1107,22,64,128,-1.0,-711.0,1.90532573827,0.00311283996205,4.0
826,2587,3282,78,641,6,2,1108,22,64,128,-1.0,-712.0,1.90841856418,0.0039102237422,4.0
827,2596,3285,78,643,6,2,1109,22,64,128,-1.0,-713.0,1.91314618575,0.00471968307553,2.0
828,2606,3289,78,645,6,2,1110,22,64,128,-1.0,-714.0,1.91785793033,0.00384751464311,2.0
829,2615,3292,79,647,6,2,1111,22,64,128,-1.0,-715.0,1.92084121504,0.00527749957671,2.0
830,2625,3296,79,649,6,2,1112,22,64,128,-1.0,-716.0,1.92841292949,0.00378585722388,2.0
831,2634,3299,79,651,6,2,1113,22,64,128,-1.0,-717.0,1.92841292949,-0.000858918610249,2.0
832,2644,3303,79,653,6,2,1114,22,64,128,-1.0,-718.0,1.92669509227,-0.000858918610249,2.0
833,2653,3306,79,655,6,2,1115,22,64,128,-1.0,-719.0,1.92669509227,1.04360964315e-14,2.0
834,2663,3310,79,657,6,2,1116,22,64,128,-1.0,-720.0,1.92669509227,0.00143595239909,2.0
835,2672,3314,79,659,6,2,1117,22,64,128,-1.0,-721.0,1.92956699707,0.00058368049721,2.0
836,2682,3317,79,661,6,2,1118,22,64,128,-1.0,-722.0,1.92786245326,-0.000852271901861,2.0
837,2692,3321,79,663,6,2,1119,23,64,128,1.0,-721.0,1.92786245326,0.00227030553616,2.0
838,2701,3324,79,665,6,2,1120,23,64,128,-1.0,-722.0,1.93240306433,0.00367073133917,2.0
839,2711,3328,79,667,6,2,1121,23,64,128,-1.0,-723.0,1.93520391594,-0.00169909037817,2.0
840,2721,3332,79,669,6,2,1122,23,64,128,-1.0,-724.0,1.92900488358,-0.00393765174831,2.0
841,2731,3335,79,671,6,2,1123,23,64,128,-1.0,-725.0,1.92732861244,0.00139837331982,2.0
842,2740,3339,79,673,6,2,1124,23,64,128,-1.0,-726.0,1.93180163022,0.00361778339494,2.0
843,2750,3343,79,675,6,2,1125,23,64,128,-1.0,-727.0,1.93456417923,0.000541052135632,2.0
844,2760,3347,79,677,6,2,1126,23,64,128,-1.0,-728.0,1.93288373449,-0.00305230071364,2.0
845,2770,3350,79,679,6,2,1127,23,64,128,-1.0,-729.0,1.92845957781,-3.77475828373e-15,2.0
846,2780,3354,79,681,6,2,1128,23,64,128,-1.0,-730.0,1.93288373449,0.00357565085546,2.0
847,2790,3358,79,683,6,2,1129,23,64,128,-1.0,-731.0,1.93561087952,0.000529801126223,2.0
848,2800,3362,79,685,6,2,1130,23,64,128,-1.0,-732.0,1.93394333674,-0.00302194122577,2.0
849,2810,3365,79,687,6,2,1131,23,64,128,-1.0,-733.0,1.92956699707,-0.00300649971269,2.0
850,2820,3369,79,689,6,2,1132,23,64,128,-1.0,-734.0,1.92793033732,0.000542299136595,2.0
851,2830,3373,79,691,6,2,1133,23,64,128,-1.0,-735.0,1.93065159534,0.00136062901148,2.0
852,2840,3377,79,693,6,2,1134,23,64,128,-1.0,-736.0,1.93065159534,-3.66373598126e-15,2.0
853,2850,3381,79,695,6,2,1135,23,64,128,-1.0,-737.0,1.93065159534,0.00134448436038,2.0
854,2860,3384,79,697,6,2,1136,23,64,128,-1.0,-738.0,1.93334056406,0.00267309062221,2.0
855,2871,3388,79,699,6,2,1137,23,64,128,-1.0,-739.0,1.93599777658,0.00132860626182,2.0
856,2881,3392,79,701,6,2,1138,23,64,128,-1.0,-740.0,1.93599777658,-0.000814127537046,2.0
857,2891,3396,79,703,6,2,1139,23,64,128,-1.0,-741.0,1.93436952151,-0.00162134627521,2.0
858,2901,3400,79,705,6,2,1140,23,64,128,-1.0,-742.0,1.93275508403,-0.000807218738175,2.0
859,2912,3404,79,706,6,2,1141,23,64,128,-1.0,-743.0,1.93275508403,0.0,1.0
860,2922,3408,79,708,6,2,1142,23,64,128,-1.0,-744.0,1.93275508403,-9.65894031424e-15,2.0
861,2932,3412,79,709,6,2,1143,23,64,128,-1.0,-745.0,1.93275508403,-0.000800393356481,1.0
862,2943,3416,79,711,6,2,1144,23,64,128,-1.0,-746.0,1.93115429732,-0.00159404348357,2.0
863,2953,3420,79,712,6,2,1145,23,64,128,-1.0,-747.0,1.92956699707,-0.000793650127097,1.0
864,2963,3423,79,714,6,2,1146,23,64,128,-1.0,-748.0,1.92956699707,3.5527136788e-15,2.0
865,2974,3427,79,715,6,2,1147,23,64,128,-1.0,-749.0,1.92956699707,-0.00078698780762,1.0
866,2984,3431,79,717,6,2,1148,23,64,128,-1.0,-750.0,1.92799302145,-0.00156739298492,2.0
867,2995,3435,79,718,6,2,1149,23,64,128,-1.0,-751.0,1.9264322111,-0.00287595032589,1.0
868,3005,3439,78,720,6,2,1150,23,64,128,-1.0,-752.0,1.9222411208,-0.0028618814581,2.0
869,3016,3443,78,721,6,2,1151,24,64,128,1.0,-751.0,1.92070844818,-0.00152628914017,1.0
870,3026,3447,78,723,6,2,1152,24,64,128,-1.0,-752.0,1.91918854252,-0.00359281147694,2.0
871,3037,3451,78,724,6,2,1153,24,64,128,-1.0,-753.0,1.91352282523,-0.005650581635,1.0
872,3048,3455,77,726,6,2,1154,24,64,128,-1.0,-754.0,1.90788737925,-0.00770248551358,2.0
873,3058,3458,77,727,6,2,1155,24,64,128,-1.0,-755.0,1.8981178542,-0.00975646779794,1.0
874,3069,3462,76,729,6,2,1156,24,64,128,-1.0,-756.0,1.88837444365,-0.0118248353667,2.0
875,3080,3465,76,730,6,2,1157,24,64,128,-1.0,-757.0,1.87446818346,-0.0139027656567,1.0
876,3091,3469,75,732,6,2,1158,24,64,128,-1.0,-758.0,1.86056891234,-0.0138930970914,2.0
877,3102,3472,75,733,6,2,1159,24,64,128,-1.0,-759.0,1.84668198928,-0.0123347604753,1.0
878,3113,3475,74,735,6,2,1160,24,64,128,-1.0,-760.0,1.83589939139,-0.0128191721062,2.0
879,3124,3478,74,736,6,2,1161,24,64,128,-1.0,-761.0,1.82104364507,-0.0163843084721,1.0
880,3135,3480,73,738,6,2,1162,24,64,128,-1.0,-762.0,1.80313077444,-0.0157891862004,2.0
881,3146,3483,72,739,6,2,1163,24,64,128,-1.0,-763.0,1.78946527267,-0.015768770186,1.0
882,3158,3485,72,741,6,2,1164,24,64,128,-1.0,-764.0,1.77159323407,-0.0178579410995,2.0
883,3169,3488,71,742,6,2,1165,24,64,128,-1.0,-765.0,1.75374939047,-0.0203046048581,1.0
884,3181,3489,70,744,6,2,1166,24,64,128,-1.0,-766.0,1.73098402436,-0.0202236832096,2.0
885,3192,3491,69,745,6,2,1167,24,64,128,-1.0,-767.0,1.71330202405,-0.017649969007,1.0
886,3204,3493,68,747,6,2,1168,24,64,128,-1.0,-768.0,1.69568408634,-0.0218453255223,2.0
887,3215,3494,67,748,6,2,1169,24,64,128,-1.0,-769.0,1.66961137301,-0.0281629322169,1.0
888,3227,3495,66,750,6,2,1170,24,64,128,-1.0,-770.0,1.63935822191,-0.027961457016,2.0
889,3239,3495,65,751,6,2,1171,24,64,128,-1.0,-771.0,1.61368845897,-0.0235529803579,1.0
890,3250,3496,64,753,6,2,1172,24,64,128,-1.0,-772.0,1.59225226119,-0.0257194663058,2.0
891,3262,3496,63,754,6,2,1173,24,64,128,-1.0,-773.0,1.56224952636,-0.0298675495118,1.0
892,3274,3495,61,756,6,2,1174,24,64,128,-1.0,-774.0,1.53251716217,-0.02759825605,2.0
893,3286,3494,60,757,6,2,1175,24,64,128,-1.0,-775.0,1.50705301426,-0.0256123268626,1.0
894,3297,3493,59,759,6,2,1176,24,64,128,-1.0,-776.0,1.48129250844,-0.0276742863582,2.0
895,3309,3492,58,760,6,2,1177,24,64,128,-1.0,-777.0,1.45170444155,-0.0315727550218,1.0
896,3321,3490,57,762,6,2,1178,24,64,128,-1.0,-778.0,1.4181469984,-0.0317020574994,2.0
897,3333,3488,55,763,6,2,1179,25,64,128,1.0,-777.0,1.38830032655,-0.0281868072055,1.0
898,3344,3486,54,765,6,2,1180,25,64,128,-1.0,-778.0,1.36177338399,-0.0276699636047,2.0
899,3356,3483,53,766,6,2,1181,25,64,128,-1.0,-779.0,1.33296039934,-0.030626982847,1.0
900,3367,3480,52,768,6,2,1182,25,64,128,-1.0,-780.0,1.30051941829,-0.032024845344,2.0
901,3379,3476,51,769,6,2,1183,25,64,128,-1.0,-781.0,1.26891070865,-0.0297260999993,1.0
902,3390,3472,49,770,6,2,1184,25,64,128,-1.0,-782.0,1.2410672183,-0.0284425260625,1.0
903,3401,3468,48,771,6,2,1185,25,64,128,-1.0,-783.0,1.21202565652,-0.0296454973973,1.0
904,3413,3463,47,772,6,2,1186,25,64,128,-1.0,-784.0,1.1817762235,-0.0309963995032,1.0
905,3424,3458,46,773,6,2,1187,25,64,128,-1.0,-785.0,1.15003285752,-0.0308206113937,1.0
906,3434,3453,45,774,6,2,1188,25,64,128,-1.0,-786.0,1.12013500071,-0.0288626752676,1.0
907,3445,3448,43,775,6,2,1189,25,64,128,-1.0,-787.0,1.09230750698,-0.0278160127533,1.0
908,3456,3442,42,776,6,2,1190,26,64,128,1.0,-786.0,1.06450297521,-0.0277716292278,1.0
909,3466,3436,41,777,6,2,1191,26,64,128,-1.0,-787.0,1.03676424853,-0.0287880035967,1.0
910,3476,3429,40,778,6,2,1192,26,64,128,-1.0,-788.0,1.00692696801,-0.028703468935,1.0
911,3487,3422,39,779,6,2,1193,26,64,128,-1.0,-789.0,0.979357310657,-0.0274727039785,1.0
912,3496,3415,37,780,6,2,1194,26,64,128,-1.0,-790.0,0.951981560057,-0.0297407886416,1.0
913,3506,3408,36,781,6,2,1195,26,64,128,-1.0,-791.0,0.919875733374,-0.0321511341271,1.0
914,3516,3400,35,782,6,2,1196,26,64,128,-1.0,-792.0,0.887679291803,-0.0308599650576,1.0
915,3525,3392,34,783,6,2,1197,26,64,128,-1.0,-793.0,0.858155803259,-0.0292885982911,1.0
916,3534,3384,33,784,6,2,1198,26,64,128,-1.0,-794.0,0.829102095221,-0.0276587738929,1.0
917,3543,3376,31,785,6,2,1199,26,64,128,-1.0,-795.0,0.802838255473,-0.0276320552394,1.0
918,3551,3367,30,786,6,2,1200,26,64,128,-1.0,-796.0,0.773837984742,-0.0304454937336,1.0
919,3559,3358,29,787,6,2,1201,26,64,128,-1.0,-797.0,0.741947268006,-0.0319388936081,1.0
920,3567,3348,28,788,6,2,1202,26,64,128,-1.0,-798.0,0.709960197526,-0.0304103582681,1.0
921,3575,3339,27,789,6,2,1203,26,64,128,-1.0,-799.0,0.68112655147,-0.0287471868591,1.0
922,3583,3329,25,790,6,2,1204,26,64,128,-1.0,-800.0,0.652465823808,-0.0285517492465,1.0
923,3590,3319,24,791,6,2,1205,26,64,128,-1.0,-801.0,0.624023052977,-0.0271756026922,1.0
924,3597,3309,23,792,6,2,1206,26,64,128,-1.0,-802.0,0.598114618423,-0.0275596252497,1.0
925,3603,3298,22,793,6,2,1207,26,64,128,-1.0,-803.0,0.568903802477,-0.0291945402837,1.0
926,3610,3288,21,794,6,2,1208,26,64,128,-1.0,-804.0,0.539725537856,-0.0309026490425,1.0
927,3616,3277,19,795,6,2,1209,26,64,128,-1.0,-805.0,0.507098504392,-0.0326142224967,1.0
928,3622,3266,18,796,6,2,1210,26,64,128,-1.0,-806.0,0.474497092863,-0.0298621615408,1.0
929,3627,3255,17,797,6,2,1211,27,64,128,1.0,-805.0,0.447374181311,-0.0244373122615,1.0
930,3632,3243,16,798,6,2,1212,27,64,128,-1.0,-806.0,0.42562246834,-0.0252072698037,1.0
931,3637,3232,15,799,6,2,1213,27,64,128,-1.0,-807.0,0.396959641703,-0.0285057204574,1.0
932,3641,3220,14,800,6,2,1214,27,64,128,-1.0,-808.0,0.368611027425,-0.0249490190819,1.0
933,3645,3208,13,801,6,2,1215,27,64,128,-1.0,-809.0,0.347061603539,-0.0234302365141,1.0
934,3649,3197,12,802,6,2,1216,27,64,128,-1.0,-810.0,0.321750554397,-0.0233997618094,1.0
935,3653,3185,11,803,6,2,1217,27,64,128,-1.0,-811.0,0.300262079921,-0.0214514751204,1.0
936,3656,3172,10,804,6,2,1218,27,64,128,-1.0,-812.0,0.278847604156,-0.0189301021273,1.0
937,3660,3160,10,805,6,2,1219,27,64,128,-1.0,-813.0,0.262401875666,-0.0145166943882,1.0
938,3663,3148,9,806,6,2,1220,27,64,128,-1.0,-814.0,0.249814215379,-0.0149733212836,1.0
939,3665,3136,8,807,6,2,1221,27,64,128,-1.0,-815.0,0.232455233099,-0.0172886297313,1.0
940,3668,3123,8,808,6,2,1222,27,64,128,-1.0,-816.0,0.215236955917,-0.0163625235703,1.0
941,3670,3111,7,809,6,2,1223,27,64,128,-1.0,-817.0,0.199730185958,-0.0155557495997,1.0
942,3673,3099,7,810,6,2,1224,27,64,128,-1.0,-818.0,0.184125456717,-0.0163141930137,1.0
943,3675,3086,6,811,6,2,1225,27,64,128,-1.0,-819.0,0.167101799931,-0.0127350972654,1.0
944,3677,3074,6,812,6,2,1226,27,64,128,-1.0,-820.0,0.158655262186,-0.00812821915508,1.0
945,3679,3061,6,813,6,2,1227,27,64,128,-1.0,-821.0,0.150845361621,-0.00810024157797,1.0
946,3680,3049,5,814,6,2,1228,27,64,128,-1.0,-822.0,0.14245477903,-0.00836728951433,1.0
947,3682,3036,5,815,6,2,1229,27,64,128,-1.0,-823.0,0.134110782592,-0.0100269305684,1.0
948,3683,3023,5,816,6,2,1230,27,64,128,-1.0,-824.0,0.122400917894,-0.00804240873086,1.0
949,3685,3011,5,817,6,2,1231,27,64,128,-1.0,-825.0,0.118025965131,-0.00435997391797,1.0
950,3686,2998,4,818,6,2,1232,27,64,128,-1.0,-826.0,0.113680970058,-0.00411652398827,1.0
951,3688,2985,4,819,6,2,1233,27,64,128,-1.0,-827.0,0.109792917154,-0.00194402645188,1.0
952,3689,2973,4,820,6,2,1234,27,64,128,-1.0,-828.0,0.109792917154,8.84015083358e-15,1.0
953,3690,2960,4,821,6,2,1235,27,64,128,-1.0,-829.0,0.109792917154,-0.00215180431446,1.0
954,3692,2947,4,822,6,2,1236,27,64,128,-1.0,-830.0,0.105489308525,-0.00235632186885,1.0
955,3693,2934,4,823,6,2,1237,27,64,128,-1.0,-831.0,0.105080273416,-0.000204517554389,1.0
956,3694,2922,4,824,6,2,1238,27,64,128,-1.0,-832.0,0.105080273416,8.77770078844e-15,1.0
957,3696,2909,4,825,6,2,1239,27,64,128,-1.0,-833.0,0.105080273416,0.00193084178678,1.0
958,3697,2896,4,826,6,2,1240,27,64,128,-1.0,-834.0,0.10894195699,0.00193084178676,1.0
959,3698,2883,5,827,6,2,1241,27,64,128,-1.0,-835.0,0.10894195699,-8.77770078844e-15,1.0
960,3700,2870,5,828,6,2,1242,28,64,128,1.0,-834.0,0.10894195699,-0.000210285976537,1.0
961,3701,2857,5,829,6,2,1243,28,64,128,-1.0,-835.0,0.108521385037,-0.000418960878717,1.0
962,3703,2845,5,830,6,2,1244,28,64,128,-1.0,-836.0,0.108104035232,-0.000208674902179,1.0
963,3704,2832,5,831,6,2,1245,28,64,128,-1.0,-837.0,0.108104035232,0.00191461899619,1.0
964,3706,2819,5,832,6,2,1246,28,64,128,-1.0,-838.0,0.111933273225,0.00191461899619,1.0
965,3707,2806,5,832,6,2,1247,28,64,128,-1.0,-839.0,0.111933273225,-9.67975699595e-15,0.0
966,3708,2793,5,833,6,2,1248,28,64,128,-1.0,-840.0,0.111933273225,-0.000214297313327,1.0
967,3710,2780,5,833,6,2,1249,28,64,128,-1.0,-841.0,0.111504678598,-0.000426966519198,0.0
968,3711,2767,5,834,6,2,1250,28,64,128,-1.0,-842.0,0.111079340186,-0.0557523392991,1.0
969,3713,2754,5,834,6,2,1251,28,64,128,-1.0,-843.0,0.0,-0.00190024226899,0.0
970,3714,2741,5,835,6,2,1252,28,64,128,-1.0,-844.0,0.107278855648,0.0555396700932,1.0
971,3716,2728,5,835,6,2,1253,28,64,128,-1.0,-845.0,0.111079340186,0.00190024226899,0.0
972,3717,2715,5,836,6,2,1254,28,64,128,-1.0,-846.0,0.111079340186,0.0,1.0
973,3719,2702,5,836,6,2,1255,28,64,128,-1.0,-847.0,0.111079340186,-8.63892291036e-15,0.0
974,3720,2689,4,837,6,2,1256,28,64,128,-1.0,-848.0,0.111079340186,-8.63892291036e-15,1.0
975,3721,2676,4,837,6,2,1257,28,64,128,-1.0,-849.0,0.111079340186,8.63892291036e-15,0.0
976,3723,2663,4,838,6,2,1258,28,64,128,-1.0,-850.0,0.111079340186,-0.00190024226898,1.0
977,3724,2650,4,838,6,2,1259,28,64,128,-1.0,-851.0,0.107278855648,-0.00190024226899,0.0
978,3726,2637,4,839,6,2,1260,28,64,128,-1.0,-852.0,0.107278855648,0.0,1.0
979,3727,2624,4,839,6,2,1261,28,64,128,-1.0,-853.0,0.107278855648,0.00190024226899,0.0
980,3729,2611,5,840,6,2,1262,28,64,128,-1.0,-854.0,0.111079340186,0.00379887488424,1.0
981,3730,2598,5,840,6,2,1263,28,64,128,-1.0,-855.0,0.114876605417,0.00189863261525,0.0
982,3731,2585,5,841,6,2,1264,28,64,128,-1.0,-856.0,0.114876605417,0.0,1.0
983,3733,2572,5,841,6,2,1265,28,64,128,-1.0,-857.0,0.114876605417,0.0,0.0
984,3734,2559,5,842,6,2,1266,29,64,128,-1.0,-858.0,0.114876605417,0.0,1.0
985,3736,2546,5,842,6,2,1267,29,64,128,-1.0,-859.0,0.114876605417,0.00189697032336,0.0
986,3738,2533,5,843,6,2,1268,29,64,128,-1.0,-860.0,0.118670546064,0.00379222600022,1.0
987,3739,2520,5,843,6,2,1269,29,64,128,-1.0,-861.0,0.122461057417,0.00189525567686,0.0
988,3741,2507,5,844,6,2,1270,29,64,128,-1.0,-862.0,0.122461057417,0.0016541816716,1.0
989,3742,2494,5,844,6,2,1271,29,64,128,-1.0,-863.0,0.125769420761,0.00141667251297,0.0
990,3744,2481,5,845,6,2,1272,29,64,128,-1.0,-864.0,0.125294402443,-0.00211698380716,1.0
991,3746,2468,5,845,6,2,1273,29,64,128,-1.0,-865.0,0.121535453146,-9.61730695082e-15,0.0
992,3747,2455,5,846,6,2,1274,29,64,128,-1.0,-866.0,0.125294402443,0.00375717129403,1.0
993,3749,2442,5,846,6,2,1275,29,64,128,-1.0,-867.0,0.129049795734,0.0037535649241,0.0
994,3751,2428,5,847,6,2,1276,29,64,128,-1.0,-868.0,0.132801532291,0.00374985813037,1.0
995,3752,2415,6,847,6,2,1277,29,64,128,-1.0,-869.0,0.136549511995,0.00187398985178,0.0
996,3754,2402,6,848,6,2,1278,29,64,128,-1.0,-870.0,0.136549511995,0.00187206167629,1.0
997,3756,2389,6,848,6,2,1279,29,64,128,-1.0,-871.0,0.140293635348,0.00533332069032,0.0
998,3758,2376,6,849,6,2,1280,29,64,128,-1.0,-872.0,0.147216153376,0.00532045953912,1.0
999,3760,2363,6,849,6,2,1281,29,64,128,-1.0,-873.0,0.150934554426,0.00400672226133,0.0
1000,3762,2350,7,850,6,2,1282,29,64,128,-1.0,-874.0,0.155229597898,0.00586867393379,1.0
1001,3764,2337,7,850,6,2,1283,29,64,128,-1.0,-875.0,0.162671902293,0.00743323633474,0.0
1002,3766,2324,7,851,6,2,1284,29,64,128,-1.0,-876.0,0.170096070568,0.00556460839789,1.0
1003,3769,2310,7,851,6,2,1285,29,64,128,-1.0,-877.0,0.173801119089,0.00370264151243,0.0
1004,3771,2297,8,852,6,2,1286,29,64,128,-1.0,-878.0,0.177501353593,0.00738557016128,1.0
1005,3773,2284,8,852,6,2,1287,29,64,128,-1.0,-879.0,0.188572259412,0.00739416496621,0.0
1006,3776,2271,8,853,6,2,1288,29,64,128,-1.0,-880.0,0.192289683525,0.000216199615505,1.0
1007,3779,2258,9,853,6,2,1289,29,64,128,-1.0,-881.0,0.189004658643,-0.0010608949215,0.0
1008,3781,2245,9,854,6,2,1290,29,64,128,-1.0,-882.0,0.190167893682,0.00203630301296,1.0
1009,3784,2232,10,854,6,2,1291,0,64,129,1.0,-881.0,0.193077264669,0.00431805797034,0.0
1010,3788,2219,10,855,6,2,1292,0,64,129,1.0,-880.0,0.198804009623,0.0057267449541,1.0
